Patient	Replicate	Size	Number
U1	1	0.3	0
U1	1	0.3217	0
U1	1	0.345	0
U1	1	0.37	0
U1	1	0.3968	0
U1	1	0.4255	0
U1	1	0.4563	0
U1	1	0.4893	0
U1	1	0.5248	0
U1	1	0.5627	0
U1	1	0.6035	0
U1	1	0.6472	0
U1	1	0.694	0
U1	1	0.7443	0
U1	1	0.7982	0
U1	1	0.8559	0
U1	1	0.9179	0
U1	1	0.9844	0
U1	1	1.056	0
U1	1	1.132	0
U1	1	1.214	0
U1	1	1.302	0
U1	1	1.396	0
U1	1	1.497	0
U1	1	1.606	0
U1	1	1.722	0
U1	1	1.846	0
U1	1	1.98	0
U1	1	2.124	0
U1	1	2.277	0
U1	1	2.442	0
U1	1	2.619	0
U1	1	2.809	0
U1	1	3.012	0
U1	1	3.23	0
U1	1	3.464	0
U1	1	3.714	0
U1	1	3.983	0
U1	1	4.272	0
U1	1	4.581	0
U1	1	4.913	0
U1	1	5.268	0
U1	1	5.65	0
U1	1	6.059	0
U1	1	6.497	0
U1	1	6.968	0
U1	1	7.472	0
U1	1	8.013	0
U1	1	8.593	0
U1	1	9.215	0
U1	1	9.882	0
U1	1	10.6	0
U1	1	11.37	0
U1	1	12.19	0
U1	1	13.07	0
U1	1	14.02	0
U1	1	15.03	0
U1	1	16.12	0
U1	1	17.29	0
U1	1	18.54	0
U1	1	19.88	0
U1	1	21.32	0
U1	1	22.86	0
U1	1	24.52	0
U1	1	26.29	0
U1	1	28.2	0
U1	1	30.24	0
U1	1	32.43	0.455
U1	1	34.77	3.242
U1	1	37.29	9.106
U1	1	39.99	14.92
U1	1	42.89	17.51
U1	1	45.99	16.61
U1	1	49.32	13.52
U1	1	52.89	9.722
U1	1	56.72	6.246
U1	1	60.83	3.572
U1	1	65.23	1.783
U1	1	69.95	0.7379
U1	1	75.02	0.2248
U1	1	80.45	0.03895
U1	1	86.27	0.02622
U1	1	92.52	0.08797
U1	1	99.21	0.1653
U1	1	106.4	0.2264
U1	1	114.1	0.2599
U1	1	122.4	0.2667
U1	1	131.2	0.2531
U1	1	140.7	0.2268
U1	1	150.9	0.1945
U1	1	161.8	0.1612
U1	1	173.5	0.1303
U1	1	186.1	0.1033
U1	1	199.6	0.07911
U1	1	214	0.0558
U1	1	229.5	0.03484
U1	1	246.1	0.01894
U1	1	264	8.62E-03
U1	1	283.1	0.002933
U1	1	303.6	5.37E-04
U1	1	325.5	5.29E-06
U1	1	349.1	9.01E-06
U1	1	374.4	0.0003625
U1	1	401.5	0.001303
U1	1	430.6	0.00216
U1	1	461.7	0.002221
U1	1	495.2	0.001578
U1	1	531	0.000729
U1	1	569.4	1.62E-04
U1	1	610.7	0.00E+00
U1	1	654.9	0.00E+00
U1	1	702.3	0
U1	1	753.1	0
U1	1	807.7	0
U1	1	866.1	0
U1	1	928.8	0
U1	1	996.1	0
U1	1	1068	0
U1	1	1146	0
U1	1	1228	0
U1	1	1317	0
U1	1	1413	0
U1	1	1515	0
U1	1	1625	0
U1	1	1742	0
U1	1	1868	0
U1	1	2004	0
U1	1	2149	0
U1	1	2304	0
U1	1	2471	0
U1	1	2650	0
U1	1	2842	0
U1	1	3048	0
U1	1	3268	0
U1	1	3505	0
U1	1	3759	0
U1	1	4031	0
U1	1	4323	0
U1	1	4635	0
U1	1	4971	0
U1	1	5331	0
U1	1	5717	0
U1	1	6131	0
U1	1	6575	0
U1	1	7051	0
U1	1	7561	0
U1	1	8108	0
U1	1	8695	0
U1	1	9325	0
U1	1	1.00E+04	0
U1	2	0.3	0
U1	2	0.3217	0
U1	2	0.345	0
U1	2	0.37	0
U1	2	0.3968	0
U1	2	0.4255	0
U1	2	0.4563	0
U1	2	0.4893	0
U1	2	0.5248	0
U1	2	0.5627	0
U1	2	0.6035	0
U1	2	0.6472	0
U1	2	0.694	0
U1	2	0.7443	0
U1	2	0.7982	0
U1	2	0.8559	0
U1	2	0.9179	0
U1	2	0.9844	0
U1	2	1.056	0
U1	2	1.132	0
U1	2	1.214	0
U1	2	1.302	0
U1	2	1.396	0
U1	2	1.497	0
U1	2	1.606	0
U1	2	1.722	0
U1	2	1.846	0
U1	2	1.98	0
U1	2	2.124	0
U1	2	2.277	0
U1	2	2.442	0
U1	2	2.619	0
U1	2	2.809	0
U1	2	3.012	0
U1	2	3.23	0
U1	2	3.464	0
U1	2	3.714	0
U1	2	3.983	0
U1	2	4.272	0
U1	2	4.581	0
U1	2	4.913	0
U1	2	5.268	0
U1	2	5.65	0
U1	2	6.059	0
U1	2	6.497	0
U1	2	6.968	0
U1	2	7.472	0
U1	2	8.013	0
U1	2	8.593	0
U1	2	9.215	0
U1	2	9.882	0
U1	2	10.6	0
U1	2	11.37	0
U1	2	12.19	0
U1	2	13.07	0
U1	2	14.02	0
U1	2	15.03	0
U1	2	16.12	0
U1	2	17.29	0
U1	2	18.54	0
U1	2	19.88	0
U1	2	21.32	0
U1	2	22.86	0
U1	2	24.52	0
U1	2	26.29	0
U1	2	28.2	0
U1	2	30.24	0
U1	2	32.43	0
U1	2	34.77	0
U1	2	37.29	0
U1	2	39.99	0
U1	2	42.89	0
U1	2	45.99	0
U1	2	49.32	0
U1	2	52.89	0
U1	2	56.72	0
U1	2	60.83	0
U1	2	65.23	0
U1	2	69.95	0
U1	2	75.02	0
U1	2	80.45	0
U1	2	86.27	0
U1	2	92.52	0.3875
U1	2	99.21	3.447
U1	2	106.4	10.45
U1	2	114.1	17.52
U1	2	122.4	20.37
U1	2	131.2	18.6
U1	2	140.7	14.02
U1	2	150.9	8.789
U1	2	161.8	4.413
U1	2	173.5	1.585
U1	2	186.1	0.3037
U1	2	199.6	0.005852
U1	2	214	0
U1	2	229.5	0
U1	2	246.1	0
U1	2	264	0
U1	2	283.1	0
U1	2	303.6	0
U1	2	325.5	0
U1	2	349.1	0
U1	2	374.4	0
U1	2	401.5	0
U1	2	430.6	0.01201
U1	2	461.7	0.03867
U1	2	495.2	0.0413
U1	2	531	0.01464
U1	2	569.4	0
U1	2	610.7	0
U1	2	654.9	0
U1	2	702.3	0
U1	2	753.1	0.00E+00
U1	2	807.7	0.00E+00
U1	2	866.1	0.00E+00
U1	2	928.8	0.00E+00
U1	2	996.1	0
U1	2	1068	0
U1	2	1146	0
U1	2	1228	0
U1	2	1317	0
U1	2	1413	0
U1	2	1515	0
U1	2	1625	0
U1	2	1742	0
U1	2	1868	0
U1	2	2004	0
U1	2	2149	0
U1	2	2304	0
U1	2	2471	0
U1	2	2650	0
U1	2	2842	0
U1	2	3048	0
U1	2	3268	0
U1	2	3505	0
U1	2	3759	0
U1	2	4031	0
U1	2	4323	0
U1	2	4635	0
U1	2	4971	0
U1	2	5331	0
U1	2	5717	0
U1	2	6131	0
U1	2	6575	0
U1	2	7051	0
U1	2	7561	0
U1	2	8108	0
U1	2	8695	0
U1	2	9325	0
U1	2	1.00E+04	0
U1	3	0.3	0
U1	3	0.3217	0
U1	3	0.345	0
U1	3	0.37	0
U1	3	0.3968	0
U1	3	0.4255	0
U1	3	0.4563	0
U1	3	0.4893	0
U1	3	0.5248	0
U1	3	0.5627	0
U1	3	0.6035	0
U1	3	0.6472	0
U1	3	0.694	0
U1	3	0.7443	0
U1	3	0.7982	0
U1	3	0.8559	0
U1	3	0.9179	0
U1	3	0.9844	0
U1	3	1.056	0
U1	3	1.132	0
U1	3	1.214	0
U1	3	1.302	0
U1	3	1.396	0
U1	3	1.497	0
U1	3	1.606	0
U1	3	1.722	0
U1	3	1.846	0
U1	3	1.98	0
U1	3	2.124	0
U1	3	2.277	0
U1	3	2.442	0
U1	3	2.619	0
U1	3	2.809	0
U1	3	3.012	0
U1	3	3.23	0
U1	3	3.464	0
U1	3	3.714	0
U1	3	3.983	0
U1	3	4.272	0
U1	3	4.581	0
U1	3	4.913	0
U1	3	5.268	0
U1	3	5.65	0
U1	3	6.059	0
U1	3	6.497	0
U1	3	6.968	0
U1	3	7.472	0
U1	3	8.013	0
U1	3	8.593	0
U1	3	9.215	0
U1	3	9.882	0
U1	3	10.6	0
U1	3	11.37	0
U1	3	12.19	0
U1	3	13.07	0
U1	3	14.02	0
U1	3	15.03	0
U1	3	16.12	0
U1	3	17.29	0
U1	3	18.54	0
U1	3	19.88	0
U1	3	21.32	0
U1	3	22.86	0
U1	3	24.52	0
U1	3	26.29	0
U1	3	28.2	0
U1	3	30.24	1.397
U1	3	32.43	6.037
U1	3	34.77	12.25
U1	3	37.29	16.45
U1	3	39.99	17.19
U1	3	42.89	15.15
U1	3	45.99	11.74
U1	3	49.32	8.163
U1	3	52.89	5.135
U1	3	56.72	2.918
U1	3	60.83	1.48
U1	3	65.23	0.6516
U1	3	69.95	0.2357
U1	3	75.02	0.06218
U1	3	80.45	0.008795
U1	3	86.27	0.006691
U1	3	92.52	0.03003
U1	3	99.21	0.06574
U1	3	106.4	0.0998
U1	3	114.1	0.123
U1	3	122.4	0.1326
U1	3	131.2	0.1302
U1	3	140.7	0.1194
U1	3	150.9	0.1039
U1	3	161.8	0.0867
U1	3	173.5	0.07001
U1	3	186.1	0.05505
U1	3	199.6	0.04148
U1	3	214	0.02849
U1	3	229.5	0.01708
U1	3	246.1	0.008719
U1	3	264	0.003601
U1	3	283.1	0.001062
U1	3	303.6	0.0001597
U1	3	325.5	0
U1	3	349.1	6.70E-05
U1	3	374.4	0.000434
U1	3	401.5	0.001114
U1	3	430.6	0.001623
U1	3	461.7	0.001605
U1	3	495.2	0.001181
U1	3	531	0.0006464
U1	3	569.4	0.0002349
U1	3	610.7	4.11E-05
U1	3	654.9	0
U1	3	702.3	0
U1	3	753.1	0
U1	3	807.7	0
U1	3	866.1	0
U1	3	928.8	0
U1	3	996.1	0
U1	3	1068	0
U1	3	1146	0
U1	3	1228	0
U1	3	1317	0
U1	3	1413	0
U1	3	1515	0
U1	3	1625	0
U1	3	1742	0
U1	3	1868	0
U1	3	2004	0
U1	3	2149	0
U1	3	2304	0
U1	3	2471	0
U1	3	2650	0
U1	3	2842	0
U1	3	3048	0
U1	3	3268	0
U1	3	3505	0
U1	3	3759	0
U1	3	4031	0
U1	3	4323	0
U1	3	4635	0
U1	3	4971	0
U1	3	5331	0
U1	3	5717	0
U1	3	6131	0
U1	3	6575	0
U1	3	7051	0
U1	3	7561	0
U1	3	8108	0
U1	3	8695	0
U1	3	9325	0
U1	3	1.00E+04	0
S1	1	0.3	0
S1	1	0.3217	0
S1	1	0.345	0
S1	1	0.37	0
S1	1	0.3968	0
S1	1	0.4255	0
S1	1	0.4563	0
S1	1	0.4893	0
S1	1	0.5248	0
S1	1	0.5627	0
S1	1	0.6035	0
S1	1	0.6472	0
S1	1	0.694	0
S1	1	0.7443	0
S1	1	0.7982	0
S1	1	0.8559	0
S1	1	0.9179	0
S1	1	0.9844	0
S1	1	1.056	0
S1	1	1.132	0
S1	1	1.214	0
S1	1	1.302	0
S1	1	1.396	0
S1	1	1.497	0
S1	1	1.606	0
S1	1	1.722	0
S1	1	1.846	0
S1	1	1.98	0
S1	1	2.124	0
S1	1	2.277	0
S1	1	2.442	0
S1	1	2.619	0
S1	1	2.809	0
S1	1	3.012	0
S1	1	3.23	0
S1	1	3.464	0
S1	1	3.714	0
S1	1	3.983	0
S1	1	4.272	0
S1	1	4.581	0
S1	1	4.913	0
S1	1	5.268	0
S1	1	5.65	0
S1	1	6.059	0
S1	1	6.497	0
S1	1	6.968	0
S1	1	7.472	0
S1	1	8.013	0
S1	1	8.593	0
S1	1	9.215	0
S1	1	9.882	0
S1	1	10.6	0
S1	1	11.37	0
S1	1	12.19	0
S1	1	13.07	0
S1	1	14.02	0
S1	1	15.03	0
S1	1	16.12	0
S1	1	17.29	0
S1	1	18.54	0
S1	1	19.88	0
S1	1	21.32	0
S1	1	22.86	0
S1	1	24.52	0
S1	1	26.29	0
S1	1	28.2	0
S1	1	30.24	0
S1	1	32.43	0
S1	1	34.77	0
S1	1	37.29	0
S1	1	39.99	0
S1	1	42.89	0
S1	1	45.99	0
S1	1	49.32	0
S1	1	52.89	0
S1	1	56.72	0
S1	1	60.83	0
S1	1	65.23	0
S1	1	69.95	0
S1	1	75.02	0
S1	1	80.45	0
S1	1	86.27	0
S1	1	92.52	0
S1	1	99.21	0.09518
S1	1	106.4	1.421
S1	1	114.1	5.207
S1	1	122.4	10.21
S1	1	131.2	14.06
S1	1	140.7	15.62
S1	1	150.9	14.94
S1	1	161.8	12.69
S1	1	173.5	9.662
S1	1	186.1	6.538
S1	1	199.6	3.755
S1	1	214	1.629
S1	1	229.5	0.4358
S1	1	246.1	0.04927
S1	1	264	0
S1	1	283.1	0
S1	1	303.6	0
S1	1	325.5	0
S1	1	349.1	0
S1	1	374.4	0
S1	1	401.5	0.1562
S1	1	430.6	0.5976
S1	1	461.7	0.979
S1	1	495.2	0.9064
S1	1	531	0.4855
S1	1	569.4	0.1166
S1	1	610.7	0
S1	1	654.9	0
S1	1	702.3	0.01591
S1	1	753.1	0.06427
S1	1	807.7	0.1118
S1	1	866.1	0.1174
S1	1	928.8	0.08686
S1	1	996.1	0.04284
S1	1	1068	0.00993
S1	1	1146	0
S1	1	1228	0
S1	1	1317	0
S1	1	1413	0
S1	1	1515	0
S1	1	1625	0
S1	1	1742	0
S1	1	1868	0
S1	1	2004	0
S1	1	2149	0
S1	1	2304	0
S1	1	2471	0
S1	1	2650	0.0001542
S1	1	2842	0.0004331
S1	1	3048	0.0004303
S1	1	3268	0.000178
S1	1	3505	2.66E-05
S1	1	3759	0
S1	1	4031	0
S1	1	4323	0
S1	1	4635	0
S1	1	4971	0
S1	1	5331	0
S1	1	5717	0
S1	1	6131	0
S1	1	6575	0
S1	1	7051	0
S1	1	7561	0
S1	1	8108	0
S1	1	8695	0
S1	1	9325	0
S1	1	1.00E+04	0
S1	2	0.3	0
S1	2	0.3217	0
S1	2	0.345	0
S1	2	0.37	0
S1	2	0.3968	0
S1	2	0.4255	0
S1	2	0.4563	0
S1	2	0.4893	0
S1	2	0.5248	0
S1	2	0.5627	0
S1	2	0.6035	0
S1	2	0.6472	0
S1	2	0.694	0
S1	2	0.7443	0
S1	2	0.7982	0
S1	2	0.8559	0
S1	2	0.9179	0
S1	2	0.9844	0
S1	2	1.056	0
S1	2	1.132	0
S1	2	1.214	0
S1	2	1.302	0
S1	2	1.396	0
S1	2	1.497	0
S1	2	1.606	0
S1	2	1.722	0
S1	2	1.846	0
S1	2	1.98	0
S1	2	2.124	0
S1	2	2.277	0
S1	2	2.442	0
S1	2	2.619	0
S1	2	2.809	0
S1	2	3.012	0
S1	2	3.23	0
S1	2	3.464	0
S1	2	3.714	0
S1	2	3.983	0
S1	2	4.272	0
S1	2	4.581	0
S1	2	4.913	0
S1	2	5.268	0
S1	2	5.65	0
S1	2	6.059	0
S1	2	6.497	0
S1	2	6.968	0
S1	2	7.472	0
S1	2	8.013	0
S1	2	8.593	0
S1	2	9.215	0
S1	2	9.882	0
S1	2	10.6	0
S1	2	11.37	0
S1	2	12.19	0
S1	2	13.07	0
S1	2	14.02	0
S1	2	15.03	0
S1	2	16.12	0
S1	2	17.29	0
S1	2	18.54	0
S1	2	19.88	0
S1	2	21.32	0
S1	2	22.86	0
S1	2	24.52	0
S1	2	26.29	0
S1	2	28.2	0
S1	2	30.24	0
S1	2	32.43	0
S1	2	34.77	0
S1	2	37.29	0
S1	2	39.99	0
S1	2	42.89	0
S1	2	45.99	0
S1	2	49.32	0
S1	2	52.89	0
S1	2	56.72	0
S1	2	60.83	0
S1	2	65.23	0
S1	2	69.95	0
S1	2	75.02	0
S1	2	80.45	0
S1	2	86.27	0.2495
S1	2	92.52	2.062
S1	2	99.21	6.392
S1	2	106.4	11.52
S1	2	114.1	14.95
S1	2	122.4	15.8
S1	2	131.2	14.42
S1	2	140.7	11.7
S1	2	150.9	8.529
S1	2	161.8	5.56
S1	2	173.5	3.165
S1	2	186.1	1.486
S1	2	199.6	0.5037
S1	2	214	0.08868
S1	2	229.5	0
S1	2	246.1	0
S1	2	264	0
S1	2	283.1	0
S1	2	303.6	0
S1	2	325.5	0
S1	2	349.1	0
S1	2	374.4	0.063
S1	2	401.5	0.3116
S1	2	430.6	0.6752
S1	2	461.7	0.8734
S1	2	495.2	0.7794
S1	2	531	0.5071
S1	2	569.4	0.2245
S1	2	610.7	0.05237
S1	2	654.9	0.002356
S1	2	702.3	0
S1	2	753.1	0
S1	2	807.7	0
S1	2	866.1	0
S1	2	928.8	0.006158
S1	2	996.1	0.02536
S1	2	1068	0.03225
S1	2	1146	0.01304
S1	2	1228	0
S1	2	1317	0
S1	2	1413	0
S1	2	1515	0
S1	2	1625	0
S1	2	1742	0
S1	2	1868	0
S1	2	2004	0
S1	2	2149	0
S1	2	2304	0
S1	2	2471	0
S1	2	2650	0
S1	2	2842	0
S1	2	3048	0
S1	2	3268	0
S1	2	3505	0
S1	2	3759	0
S1	2	4031	0
S1	2	4323	0
S1	2	4635	0
S1	2	4971	0
S1	2	5331	0
S1	2	5717	0
S1	2	6131	0
S1	2	6575	0
S1	2	7051	0
S1	2	7561	0
S1	2	8108	0
S1	2	8695	0
S1	2	9325	0
S1	2	1.00E+04	0
S1	3	0.3	0
S1	3	0.3217	0
S1	3	0.345	0
S1	3	0.37	0
S1	3	0.3968	0
S1	3	0.4255	0
S1	3	0.4563	0
S1	3	0.4893	0
S1	3	0.5248	0
S1	3	0.5627	0
S1	3	0.6035	0
S1	3	0.6472	0
S1	3	0.694	0
S1	3	0.7443	0
S1	3	0.7982	0
S1	3	0.8559	0
S1	3	0.9179	0
S1	3	0.9844	0
S1	3	1.056	0
S1	3	1.132	0
S1	3	1.214	0
S1	3	1.302	0
S1	3	1.396	0
S1	3	1.497	0
S1	3	1.606	0
S1	3	1.722	0
S1	3	1.846	0
S1	3	1.98	0
S1	3	2.124	0
S1	3	2.277	0
S1	3	2.442	0
S1	3	2.619	0
S1	3	2.809	0
S1	3	3.012	0
S1	3	3.23	0
S1	3	3.464	0
S1	3	3.714	0
S1	3	3.983	0
S1	3	4.272	0
S1	3	4.581	0
S1	3	4.913	0
S1	3	5.268	0
S1	3	5.65	0
S1	3	6.059	0
S1	3	6.497	0
S1	3	6.968	0
S1	3	7.472	0
S1	3	8.013	0
S1	3	8.593	0
S1	3	9.215	0
S1	3	9.882	0
S1	3	10.6	0
S1	3	11.37	0
S1	3	12.19	0
S1	3	13.07	0
S1	3	14.02	0
S1	3	15.03	0
S1	3	16.12	0
S1	3	17.29	0
S1	3	18.54	0
S1	3	19.88	0
S1	3	21.32	0
S1	3	22.86	0
S1	3	24.52	0
S1	3	26.29	0
S1	3	28.2	0
S1	3	30.24	0
S1	3	32.43	0
S1	3	34.77	0
S1	3	37.29	0
S1	3	39.99	0
S1	3	42.89	0
S1	3	45.99	0
S1	3	49.32	0
S1	3	52.89	0
S1	3	56.72	2.538
S1	3	60.83	10.12
S1	3	65.23	18.42
S1	3	69.95	21.59
S1	3	75.02	19.1
S1	3	80.45	13.64
S1	3	86.27	8.002
S1	3	92.52	3.78
S1	3	99.21	1.341
S1	3	106.4	0.3048
S1	3	114.1	0.03017
S1	3	122.4	0
S1	3	131.2	0
S1	3	140.7	0
S1	3	150.9	0
S1	3	161.8	0.003844
S1	3	173.5	0.02649
S1	3	186.1	0.07746
S1	3	199.6	0.1332
S1	3	214	0.1554
S1	3	229.5	0.131
S1	3	246.1	0.07912
S1	3	264	0.03106
S1	3	283.1	5.91E-03
S1	3	303.6	0
S1	3	325.5	0
S1	3	349.1	0
S1	3	374.4	0.0005503
S1	3	401.5	0.02763
S1	3	430.6	0.09682
S1	3	461.7	0.1496
S1	3	495.2	0.1334
S1	3	531	0.07047
S1	3	569.4	0.0169
S1	3	610.7	0
S1	3	654.9	0.00E+00
S1	3	702.3	0.00E+00
S1	3	753.1	0.00E+00
S1	3	807.7	0.00E+00
S1	3	866.1	0.00E+00
S1	3	928.8	0.00E+00
S1	3	996.1	0
S1	3	1068	0
S1	3	1146	0
S1	3	1228	0
S1	3	1317	0
S1	3	1413	0
S1	3	1515	0
S1	3	1625	0
S1	3	1742	0
S1	3	1868	0
S1	3	2004	0
S1	3	2149	0
S1	3	2304	0
S1	3	2471	0
S1	3	2650	0
S1	3	2842	0
S1	3	3048	0
S1	3	3268	0
S1	3	3505	0
S1	3	3759	0
S1	3	4031	0
S1	3	4323	0
S1	3	4635	0
S1	3	4971	0
S1	3	5331	0
S1	3	5717	0
S1	3	6131	0
S1	3	6575	0
S1	3	7051	0
S1	3	7561	0
S1	3	8108	0
S1	3	8695	0
S1	3	9325	0
S1	3	1.00E+04	0
B1	1	0.3	0
B1	1	0.3217	0
B1	1	0.345	0
B1	1	0.37	0
B1	1	0.3968	0
B1	1	0.4255	0
B1	1	0.4563	0
B1	1	0.4893	0
B1	1	0.5248	0
B1	1	0.5627	0
B1	1	0.6035	0
B1	1	0.6472	0
B1	1	0.694	0
B1	1	0.7443	0
B1	1	0.7982	0
B1	1	0.8559	0
B1	1	0.9179	0
B1	1	0.9844	0
B1	1	1.056	0
B1	1	1.132	0
B1	1	1.214	0
B1	1	1.302	0
B1	1	1.396	0
B1	1	1.497	0
B1	1	1.606	0
B1	1	1.722	0
B1	1	1.846	0
B1	1	1.98	0
B1	1	2.124	0
B1	1	2.277	0
B1	1	2.442	0
B1	1	2.619	0
B1	1	2.809	0
B1	1	3.012	0
B1	1	3.23	0
B1	1	3.464	0
B1	1	3.714	0
B1	1	3.983	0
B1	1	4.272	0
B1	1	4.581	0
B1	1	4.913	0
B1	1	5.268	0
B1	1	5.65	0
B1	1	6.059	0
B1	1	6.497	0
B1	1	6.968	0
B1	1	7.472	0
B1	1	8.013	0
B1	1	8.593	0
B1	1	9.215	0
B1	1	9.882	0
B1	1	10.6	0
B1	1	11.37	0
B1	1	12.19	0
B1	1	13.07	0
B1	1	14.02	0
B1	1	15.03	0
B1	1	16.12	0
B1	1	17.29	1.128
B1	1	18.54	5.097
B1	1	19.88	10.88
B1	1	21.32	15.39
B1	1	22.86	16.91
B1	1	24.52	15.63
B1	1	26.29	12.69
B1	1	28.2	9.238
B1	1	30.24	6.086
B1	1	32.43	3.624
B1	1	34.77	1.929
B1	1	37.29	0.8938
B1	1	39.99	0.3417
B1	1	42.89	0.09577
B1	1	45.99	0.01441
B1	1	49.32	0
B1	1	52.89	0
B1	1	56.72	0
B1	1	60.83	0
B1	1	65.23	0
B1	1	69.95	0
B1	1	75.02	0
B1	1	80.45	0
B1	1	86.27	0
B1	1	92.52	0.0002869
B1	1	99.21	0.001331
B1	1	106.4	0.002995
B1	1	114.1	0.004616
B1	1	122.4	0.005705
B1	1	131.2	0.006125
B1	1	140.7	0.005971
B1	1	150.9	0.005433
B1	1	161.8	0.004697
B1	1	173.5	0.003912
B1	1	186.1	0.00317
B1	1	199.6	0.002471
B1	1	214	0.001768
B1	1	229.5	0.001122
B1	1	246.1	0.0006243
B1	1	264	0.0002966
B1	1	283.1	0.000111
B1	1	303.6	2.67E-05
B1	1	325.5	2.65E-06
B1	1	349.1	2.08E-05
B1	1	374.4	8.54E-05
B1	1	401.5	0.0001611
B1	1	430.6	0.000196
B1	1	461.7	0.0001781
B1	1	495.2	0.0001275
B1	1	531	7.07E-05
B1	1	569.4	2.70E-05
B1	1	610.7	5.11E-06
B1	1	654.9	0
B1	1	702.3	0
B1	1	753.1	0
B1	1	807.7	0.00E+00
B1	1	866.1	0.00E+00
B1	1	928.8	0.00E+00
B1	1	996.1	0
B1	1	1068	0
B1	1	1146	0
B1	1	1228	0
B1	1	1317	0
B1	1	1413	0
B1	1	1515	0
B1	1	1625	0
B1	1	1742	0
B1	1	1868	0
B1	1	2004	0
B1	1	2149	0
B1	1	2304	0
B1	1	2471	0
B1	1	2650	0
B1	1	2842	0
B1	1	3048	0
B1	1	3268	0
B1	1	3505	0
B1	1	3759	0
B1	1	4031	0
B1	1	4323	0
B1	1	4635	0
B1	1	4971	0
B1	1	5331	0
B1	1	5717	0
B1	1	6131	0
B1	1	6575	0
B1	1	7051	0
B1	1	7561	0
B1	1	8108	0
B1	1	8695	0
B1	1	9325	0
B1	1	1.00E+04	0
B1	2	0.3	0
B1	2	0.3217	0
B1	2	0.345	0
B1	2	0.37	0
B1	2	0.3968	0
B1	2	0.4255	0
B1	2	0.4563	0
B1	2	0.4893	0
B1	2	0.5248	0
B1	2	0.5627	0
B1	2	0.6035	0
B1	2	0.6472	0
B1	2	0.694	0
B1	2	0.7443	0
B1	2	0.7982	0
B1	2	0.8559	0
B1	2	0.9179	0
B1	2	0.9844	0
B1	2	1.056	0
B1	2	1.132	0
B1	2	1.214	0
B1	2	1.302	0
B1	2	1.396	0
B1	2	1.497	0
B1	2	1.606	0
B1	2	1.722	0
B1	2	1.846	0
B1	2	1.98	0
B1	2	2.124	0
B1	2	2.277	0
B1	2	2.442	0
B1	2	2.619	0
B1	2	2.809	0
B1	2	3.012	0
B1	2	3.23	0
B1	2	3.464	0
B1	2	3.714	0
B1	2	3.983	0
B1	2	4.272	0
B1	2	4.581	0
B1	2	4.913	0
B1	2	5.268	0
B1	2	5.65	0
B1	2	6.059	0
B1	2	6.497	0
B1	2	6.968	0
B1	2	7.472	0
B1	2	8.013	0
B1	2	8.593	0
B1	2	9.215	0
B1	2	9.882	0
B1	2	10.6	0
B1	2	11.37	0
B1	2	12.19	0
B1	2	13.07	0
B1	2	14.02	0
B1	2	15.03	0
B1	2	16.12	0
B1	2	17.29	0
B1	2	18.54	0
B1	2	19.88	0
B1	2	21.32	0
B1	2	22.86	0
B1	2	24.52	0
B1	2	26.29	0
B1	2	28.2	1.881
B1	2	30.24	7.572
B1	2	32.43	14.24
B1	2	34.77	17.87
B1	2	37.29	17.67
B1	2	39.99	14.81
B1	2	42.89	10.88
B1	2	45.99	7.11
B1	2	49.32	4.13
B1	2	52.89	2.105
B1	2	56.72	0.9121
B1	2	60.83	0.3149
B1	2	65.23	0.07588
B1	2	69.95	0.009296
B1	2	75.02	0
B1	2	80.45	0
B1	2	86.27	0
B1	2	92.52	0
B1	2	99.21	0.001463
B1	2	106.4	0.007927
B1	2	114.1	0.02033
B1	2	122.4	0.03442
B1	2	131.2	0.04529
B1	2	140.7	0.0508
B1	2	150.9	0.05111
B1	2	161.8	0.04756
B1	2	173.5	0.04174
B1	2	186.1	0.03502
B1	2	199.6	0.02774
B1	2	214	0.0198
B1	2	229.5	0.01222
B1	2	246.1	0.006363
B1	2	264	0.00265
B1	2	283.1	0.0007752
B1	2	303.6	0.0001136
B1	2	325.5	0
B1	2	349.1	1.73E-05
B1	2	374.4	0.0002912
B1	2	401.5	0.000979
B1	2	430.6	0.001628
B1	2	461.7	0.001764
B1	2	495.2	0.001423
B1	2	531	0.0008747
B1	2	569.4	0.0003709
B1	2	610.7	7.80E-05
B1	2	654.9	0
B1	2	702.3	0
B1	2	753.1	0
B1	2	807.7	0
B1	2	866.1	0
B1	2	928.8	0
B1	2	996.1	0
B1	2	1068	0
B1	2	1146	0
B1	2	1228	0
B1	2	1317	0
B1	2	1413	0
B1	2	1515	0
B1	2	1625	0
B1	2	1742	0
B1	2	1868	0
B1	2	2004	0
B1	2	2149	0
B1	2	2304	0
B1	2	2471	0
B1	2	2650	0
B1	2	2842	0
B1	2	3048	0
B1	2	3268	0
B1	2	3505	0
B1	2	3759	0
B1	2	4031	0
B1	2	4323	0
B1	2	4635	0
B1	2	4971	0
B1	2	5331	0
B1	2	5717	0
B1	2	6131	0
B1	2	6575	0
B1	2	7051	0
B1	2	7561	0
B1	2	8108	0
B1	2	8695	0
B1	2	9325	0
B1	2	1.00E+04	0
B1	3	0.3	0
B1	3	0.3217	0
B1	3	0.345	0
B1	3	0.37	0
B1	3	0.3968	0
B1	3	0.4255	0
B1	3	0.4563	0
B1	3	0.4893	0
B1	3	0.5248	0
B1	3	0.5627	0
B1	3	0.6035	0
B1	3	0.6472	0
B1	3	0.694	0
B1	3	0.7443	0
B1	3	0.7982	0
B1	3	0.8559	0
B1	3	0.9179	0
B1	3	0.9844	0
B1	3	1.056	0
B1	3	1.132	0
B1	3	1.214	0
B1	3	1.302	0
B1	3	1.396	0
B1	3	1.497	0
B1	3	1.606	0
B1	3	1.722	0
B1	3	1.846	0
B1	3	1.98	0
B1	3	2.124	0
B1	3	2.277	0
B1	3	2.442	0
B1	3	2.619	0
B1	3	2.809	0
B1	3	3.012	0
B1	3	3.23	0
B1	3	3.464	0
B1	3	3.714	0
B1	3	3.983	0
B1	3	4.272	0
B1	3	4.581	0
B1	3	4.913	0
B1	3	5.268	0
B1	3	5.65	0
B1	3	6.059	0
B1	3	6.497	0
B1	3	6.968	0
B1	3	7.472	0
B1	3	8.013	0
B1	3	8.593	0
B1	3	9.215	0
B1	3	9.882	0
B1	3	10.6	0
B1	3	11.37	0
B1	3	12.19	0
B1	3	13.07	0
B1	3	14.02	0
B1	3	15.03	0
B1	3	16.12	0
B1	3	17.29	0
B1	3	18.54	0
B1	3	19.88	0
B1	3	21.32	0
B1	3	22.86	1.387
B1	3	24.52	6.343
B1	3	26.29	13.43
B1	3	28.2	18.32
B1	3	30.24	18.88
B1	3	32.43	15.99
B1	3	34.77	11.58
B1	3	37.29	7.288
B1	3	39.99	3.968
B1	3	42.89	1.824
B1	3	45.99	0.6682
B1	3	49.32	0.1726
B1	3	52.89	0.0231
B1	3	56.72	0
B1	3	60.83	0
B1	3	65.23	0
B1	3	69.95	0
B1	3	75.02	0
B1	3	80.45	0
B1	3	86.27	0
B1	3	92.52	0
B1	3	99.21	0.0008994
B1	3	106.4	0.004124
B1	3	114.1	0.00913
B1	3	122.4	0.01379
B1	3	131.2	0.01665
B1	3	140.7	0.0174
B1	3	150.9	0.01645
B1	3	161.8	0.01444
B1	3	173.5	0.01196
B1	3	186.1	0.009445
B1	3	199.6	0.007016
B1	3	214	0.004656
B1	3	229.5	0.002624
B1	3	246.1	0.001203
B1	3	264	0.0004054
B1	3	283.1	7.75E-05
B1	3	303.6	2.63E-06
B1	3	325.5	0
B1	3	349.1	6.16E-05
B1	3	374.4	0.0002694
B1	3	401.5	0.0005402
B1	3	430.6	0.0006903
B1	3	461.7	0.0006527
B1	3	495.2	0.0004888
B1	3	531	0.0002905
B1	3	569.4	0.0001236
B1	3	610.7	2.78E-05
B1	3	654.9	8.00E-07
B1	3	702.3	0.00E+00
B1	3	753.1	0
B1	3	807.7	0.00E+00
B1	3	866.1	0.00E+00
B1	3	928.8	0.00E+00
B1	3	996.1	0
B1	3	1068	0
B1	3	1146	0
B1	3	1228	0
B1	3	1317	0
B1	3	1413	0
B1	3	1515	0
B1	3	1625	0
B1	3	1742	0
B1	3	1868	0
B1	3	2004	0
B1	3	2149	0
B1	3	2304	0
B1	3	2471	0
B1	3	2650	0
B1	3	2842	0
B1	3	3048	0
B1	3	3268	0
B1	3	3505	0
B1	3	3759	0
B1	3	4031	0
B1	3	4323	0
B1	3	4635	0
B1	3	4971	0
B1	3	5331	0
B1	3	5717	0
B1	3	6131	0
B1	3	6575	0
B1	3	7051	0
B1	3	7561	0
B1	3	8108	0
B1	3	8695	0
B1	3	9325	0
B1	3	1.00E+04	0
U2	1	0.3	0
U2	1	0.3217	0
U2	1	0.345	0
U2	1	0.37	0
U2	1	0.3968	0
U2	1	0.4255	0
U2	1	0.4563	0
U2	1	0.4893	0
U2	1	0.5248	0
U2	1	0.5627	0
U2	1	0.6035	0
U2	1	0.6472	0
U2	1	0.694	0
U2	1	0.7443	0
U2	1	0.7982	0
U2	1	0.8559	0
U2	1	0.9179	0
U2	1	0.9844	0
U2	1	1.056	0
U2	1	1.132	0
U2	1	1.214	0
U2	1	1.302	0
U2	1	1.396	0
U2	1	1.497	0
U2	1	1.606	0
U2	1	1.722	0
U2	1	1.846	0
U2	1	1.98	0
U2	1	2.124	0
U2	1	2.277	0
U2	1	2.442	0
U2	1	2.619	0
U2	1	2.809	0
U2	1	3.012	0
U2	1	3.23	0
U2	1	3.464	0
U2	1	3.714	0
U2	1	3.983	0
U2	1	4.272	0
U2	1	4.581	0
U2	1	4.913	0
U2	1	5.268	0
U2	1	5.65	0
U2	1	6.059	0
U2	1	6.497	0
U2	1	6.968	0
U2	1	7.472	0
U2	1	8.013	0
U2	1	8.593	0
U2	1	9.215	0
U2	1	9.882	0
U2	1	10.6	0
U2	1	11.37	0
U2	1	12.19	0
U2	1	13.07	0
U2	1	14.02	0
U2	1	15.03	0
U2	1	16.12	0
U2	1	17.29	0
U2	1	18.54	0
U2	1	19.88	0
U2	1	21.32	0
U2	1	22.86	0
U2	1	24.52	0
U2	1	26.29	0
U2	1	28.2	0
U2	1	30.24	0
U2	1	32.43	0
U2	1	34.77	0
U2	1	37.29	0
U2	1	39.99	0
U2	1	42.89	0
U2	1	45.99	0
U2	1	49.32	0
U2	1	52.89	0
U2	1	56.72	0
U2	1	60.83	0
U2	1	65.23	0
U2	1	69.95	0
U2	1	75.02	0
U2	1	80.45	0
U2	1	86.27	0
U2	1	92.52	0
U2	1	99.21	0
U2	1	106.4	0.7833
U2	1	114.1	3.444
U2	1	122.4	7.308
U2	1	131.2	10.66
U2	1	140.7	12.58
U2	1	150.9	12.99
U2	1	161.8	12.24
U2	1	173.5	10.82
U2	1	186.1	9.136
U2	1	199.6	7.308
U2	1	214	5.305
U2	1	229.5	3.377
U2	1	246.1	1.861
U2	1	264	0.859
U2	1	283.1	3.01E-01
U2	1	303.6	0.0613
U2	1	325.5	0.003094
U2	1	349.1	0.02878
U2	1	374.4	0.1123
U2	1	401.5	0.198
U2	1	430.6	0.2217
U2	1	461.7	0.1846
U2	1	495.2	0.1216
U2	1	531	0.06373
U2	1	569.4	0.02474
U2	1	610.7	5.82E-03
U2	1	654.9	5.06E-04
U2	1	702.3	0.00E+00
U2	1	753.1	0.00E+00
U2	1	807.7	0.00E+00
U2	1	866.1	0.00E+00
U2	1	928.8	0.00E+00
U2	1	996.1	0
U2	1	1068	0
U2	1	1146	0
U2	1	1228	0
U2	1	1317	0
U2	1	1413	0
U2	1	1515	0
U2	1	1625	0
U2	1	1742	0
U2	1	1868	0
U2	1	2004	0
U2	1	2149	0
U2	1	2304	0
U2	1	2471	0
U2	1	2650	0
U2	1	2842	0
U2	1	3048	0
U2	1	3268	0
U2	1	3505	0
U2	1	3759	0
U2	1	4031	0
U2	1	4323	0
U2	1	4635	0
U2	1	4971	0
U2	1	5331	0
U2	1	5717	0
U2	1	6131	0
U2	1	6575	0
U2	1	7051	0
U2	1	7561	0
U2	1	8108	0
U2	1	8695	0
U2	1	9325	0
U2	1	1.00E+04	0
U2	2	0.3	0
U2	2	0.3217	0
U2	2	0.345	0
U2	2	0.37	0
U2	2	0.3968	0
U2	2	0.4255	0
U2	2	0.4563	0
U2	2	0.4893	0
U2	2	0.5248	0
U2	2	0.5627	0
U2	2	0.6035	0
U2	2	0.6472	0
U2	2	0.694	0
U2	2	0.7443	0
U2	2	0.7982	0
U2	2	0.8559	0
U2	2	0.9179	0
U2	2	0.9844	0
U2	2	1.056	0
U2	2	1.132	0
U2	2	1.214	0
U2	2	1.302	0
U2	2	1.396	0
U2	2	1.497	0
U2	2	1.606	0
U2	2	1.722	0
U2	2	1.846	0
U2	2	1.98	0
U2	2	2.124	0
U2	2	2.277	0
U2	2	2.442	0
U2	2	2.619	0
U2	2	2.809	0
U2	2	3.012	0
U2	2	3.23	0
U2	2	3.464	0
U2	2	3.714	0
U2	2	3.983	0
U2	2	4.272	0
U2	2	4.581	0
U2	2	4.913	0
U2	2	5.268	0
U2	2	5.65	0
U2	2	6.059	0
U2	2	6.497	0
U2	2	6.968	0
U2	2	7.472	0
U2	2	8.013	0
U2	2	8.593	0
U2	2	9.215	0
U2	2	9.882	0
U2	2	10.6	0
U2	2	11.37	0
U2	2	12.19	0
U2	2	13.07	0
U2	2	14.02	0
U2	2	15.03	0
U2	2	16.12	0
U2	2	17.29	0
U2	2	18.54	0
U2	2	19.88	0
U2	2	21.32	0
U2	2	22.86	0
U2	2	24.52	0
U2	2	26.29	0
U2	2	28.2	0
U2	2	30.24	0
U2	2	32.43	0
U2	2	34.77	0
U2	2	37.29	0
U2	2	39.99	0
U2	2	42.89	0
U2	2	45.99	0
U2	2	49.32	0
U2	2	52.89	0
U2	2	56.72	0
U2	2	60.83	0
U2	2	65.23	0
U2	2	69.95	0
U2	2	75.02	0
U2	2	80.45	0
U2	2	86.27	0
U2	2	92.52	0
U2	2	99.21	0.1501
U2	2	106.4	1.381
U2	2	114.1	4.511
U2	2	122.4	8.51E+00
U2	2	131.2	11.64
U2	2	140.7	13.17
U2	2	150.9	13.14
U2	2	161.8	12
U2	2	173.5	10.28
U2	2	186.1	8.364
U2	2	199.6	6.401
U2	2	214	4.393
U2	2	229.5	2.589
U2	2	246.1	1.27E+00
U2	2	264	4.89E-01
U2	2	283.1	0.1271
U2	2	303.6	0.01543
U2	2	325.5	0.00E+00
U2	2	349.1	2.83E-02
U2	2	374.4	1.29E-01
U2	2	401.5	2.68E-01
U2	2	430.6	3.48E-01
U2	2	461.7	3.28E-01
U2	2	495.2	2.44E-01
U2	2	531	1.45E-01
U2	2	569.4	6.33E-02
U2	2	610.7	1.65E-02
U2	2	654.9	1.50E-03
U2	2	702.3	0
U2	2	753.1	0
U2	2	807.7	0
U2	2	866.1	0
U2	2	928.8	0
U2	2	996.1	0
U2	2	1068	0
U2	2	1146	0
U2	2	1228	0
U2	2	1317	0
U2	2	1413	0
U2	2	1515	0
U2	2	1625	0
U2	2	1742	0
U2	2	1868	0
U2	2	2004	0
U2	2	2149	0
U2	2	2304	0
U2	2	2471	0
U2	2	2650	0
U2	2	2842	0
U2	2	3048	0
U2	2	3268	0
U2	2	3505	0
U2	2	3759	0
U2	2	4031	0
U2	2	4323	0
U2	2	4635	0
U2	2	4971	0
U2	2	5331	0
U2	2	5717	0
U2	2	6131	0
U2	2	6575	0
U2	2	7051	0
U2	2	7561	0
U2	2	8108	0
U2	2	8695	0
U2	2	9325	0
U2	2	1.00E+04	0
U2	3	0.3	0
U2	3	0.3217	0
U2	3	0.345	0
U2	3	0.37	0
U2	3	0.3968	0
U2	3	0.4255	0
U2	3	0.4563	0
U2	3	0.4893	0
U2	3	0.5248	0
U2	3	0.5627	0
U2	3	0.6035	0
U2	3	0.6472	0
U2	3	0.694	0
U2	3	0.7443	0
U2	3	0.7982	0
U2	3	0.8559	0
U2	3	0.9179	0
U2	3	0.9844	0
U2	3	1.056	0
U2	3	1.132	0
U2	3	1.214	0
U2	3	1.302	0
U2	3	1.396	0
U2	3	1.497	0
U2	3	1.606	0
U2	3	1.722	0
U2	3	1.846	0
U2	3	1.98	0
U2	3	2.124	0
U2	3	2.277	0
U2	3	2.442	0
U2	3	2.619	0
U2	3	2.809	0
U2	3	3.012	0
U2	3	3.23	0
U2	3	3.464	0
U2	3	3.714	0
U2	3	3.983	0
U2	3	4.272	0
U2	3	4.581	0
U2	3	4.913	0
U2	3	5.268	0
U2	3	5.65	0
U2	3	6.059	0
U2	3	6.497	0
U2	3	6.968	0
U2	3	7.472	0
U2	3	8.013	0
U2	3	8.593	0
U2	3	9.215	0
U2	3	9.882	0
U2	3	10.6	0
U2	3	11.37	0
U2	3	12.19	0
U2	3	13.07	0
U2	3	14.02	0
U2	3	15.03	0
U2	3	16.12	0
U2	3	17.29	0
U2	3	18.54	0
U2	3	19.88	0
U2	3	21.32	0
U2	3	22.86	0
U2	3	24.52	0
U2	3	26.29	0
U2	3	28.2	0
U2	3	30.24	0
U2	3	32.43	0
U2	3	34.77	0
U2	3	37.29	0
U2	3	39.99	0
U2	3	42.89	0
U2	3	45.99	0
U2	3	49.32	0
U2	3	52.89	0
U2	3	56.72	0
U2	3	60.83	0
U2	3	65.23	0
U2	3	69.95	0
U2	3	75.02	0
U2	3	80.45	0
U2	3	86.27	0
U2	3	92.52	0
U2	3	99.21	0
U2	3	106.4	0
U2	3	114.1	0.6134
U2	3	122.4	2.846
U2	3	131.2	6.387
U2	3	140.7	9.801
U2	3	150.9	12.07
U2	3	161.8	12.95
U2	3	173.5	12.69
U2	3	186.1	11.7
U2	3	199.6	10.13
U2	3	214	7.94
U2	3	229.5	5.497
U2	3	246.1	3.353
U2	3	264	1.781
U2	3	283.1	0.7809
U2	3	303.6	0.2436
U2	3	325.5	0.03886
U2	3	349.1	0.02666
U2	3	374.4	0.1136
U2	3	401.5	0.2206
U2	3	430.6	0.2711
U2	3	461.7	0.245
U2	3	495.2	0.1742
U2	3	531	0.09745
U2	3	569.4	0.03865
U2	3	610.7	0.007779
U2	3	654.9	2.24E-06
U2	3	702.3	0
U2	3	753.1	0
U2	3	807.7	0
U2	3	866.1	0.00E+00
U2	3	928.8	0.00E+00
U2	3	996.1	0
U2	3	1068	0
U2	3	1146	0
U2	3	1228	0
U2	3	1317	0
U2	3	1413	0
U2	3	1515	0
U2	3	1625	0
U2	3	1742	0
U2	3	1868	0
U2	3	2004	0
U2	3	2149	0
U2	3	2304	0
U2	3	2471	0
U2	3	2650	0
U2	3	2842	0
U2	3	3048	0
U2	3	3268	0
U2	3	3505	0
U2	3	3759	0
U2	3	4031	0
U2	3	4323	0
U2	3	4635	0
U2	3	4971	0
U2	3	5331	0
U2	3	5717	0
U2	3	6131	0
U2	3	6575	0
U2	3	7051	0
U2	3	7561	0
U2	3	8108	0
U2	3	8695	0
U2	3	9325	0
U2	3	1.00E+04	0
S2	1	0.3	0
S2	1	0.3217	0
S2	1	0.345	0
S2	1	0.37	0
S2	1	0.3968	0
S2	1	0.4255	0
S2	1	0.4563	0
S2	1	0.4893	0
S2	1	0.5248	0
S2	1	0.5627	0
S2	1	0.6035	0
S2	1	0.6472	0
S2	1	0.694	0
S2	1	0.7443	0
S2	1	0.7982	0
S2	1	0.8559	0
S2	1	0.9179	0
S2	1	0.9844	0
S2	1	1.056	0
S2	1	1.132	0
S2	1	1.214	0
S2	1	1.302	0
S2	1	1.396	0
S2	1	1.497	0
S2	1	1.606	0
S2	1	1.722	0
S2	1	1.846	0
S2	1	1.98	0
S2	1	2.124	0
S2	1	2.277	0
S2	1	2.442	0
S2	1	2.619	0
S2	1	2.809	0
S2	1	3.012	0
S2	1	3.23	0
S2	1	3.464	0
S2	1	3.714	0
S2	1	3.983	0
S2	1	4.272	0
S2	1	4.581	0
S2	1	4.913	0
S2	1	5.268	0
S2	1	5.65	0
S2	1	6.059	0
S2	1	6.497	0
S2	1	6.968	0
S2	1	7.472	0
S2	1	8.013	0
S2	1	8.593	0
S2	1	9.215	0
S2	1	9.882	0
S2	1	10.6	0
S2	1	11.37	0
S2	1	12.19	0
S2	1	13.07	0
S2	1	14.02	0
S2	1	15.03	0
S2	1	16.12	0
S2	1	17.29	0
S2	1	18.54	0
S2	1	19.88	0
S2	1	21.32	0
S2	1	22.86	0
S2	1	24.52	0
S2	1	26.29	0
S2	1	28.2	0
S2	1	30.24	0
S2	1	32.43	0
S2	1	34.77	0
S2	1	37.29	0
S2	1	39.99	0
S2	1	42.89	0
S2	1	45.99	0
S2	1	49.32	0
S2	1	52.89	0
S2	1	56.72	0
S2	1	60.83	0
S2	1	65.23	0
S2	1	69.95	0
S2	1	75.02	0.5875
S2	1	80.45	2.771
S2	1	86.27	6.325
S2	1	92.52	9.826
S2	1	99.21	12.14
S2	1	106.4	12.91
S2	1	114.1	12.33
S2	1	122.4	10.86
S2	1	131.2	8.942
S2	1	140.7	6.945
S2	1	150.9	5.103
S2	1	161.8	3.538
S2	1	173.5	2.293
S2	1	186.1	1.357
S2	1	199.6	0.6929
S2	1	214	0.2665
S2	1	229.5	0.05977
S2	1	246.1	0.004346
S2	1	264	0
S2	1	283.1	0
S2	1	303.6	0
S2	1	325.5	0
S2	1	349.1	0
S2	1	374.4	0.02336
S2	1	401.5	0.1818
S2	1	430.6	0.501
S2	1	461.7	0.74
S2	1	495.2	0.7026
S2	1	531	0.4555
S2	1	569.4	0.1853
S2	1	610.7	0.03498
S2	1	654.9	1.67E-02
S2	1	702.3	0.0589
S2	1	753.1	0.08332
S2	1	807.7	0.0569
S2	1	866.1	0.01574
S2	1	928.8	0
S2	1	996.1	0
S2	1	1068	0
S2	1	1146	0
S2	1	1228	0
S2	1	1317	0
S2	1	1413	0
S2	1	1515	0
S2	1	1625	0
S2	1	1742	0
S2	1	1868	0
S2	1	2004	0
S2	1	2149	0
S2	1	2304	0
S2	1	2471	0
S2	1	2650	0
S2	1	2842	0
S2	1	3048	0
S2	1	3268	0
S2	1	3505	0
S2	1	3759	0
S2	1	4031	0
S2	1	4323	0
S2	1	4635	0
S2	1	4971	0
S2	1	5331	0
S2	1	5717	0
S2	1	6131	0
S2	1	6575	0
S2	1	7051	0
S2	1	7561	0
S2	1	8108	0
S2	1	8695	0
S2	1	9325	0
S2	1	1.00E+04	0
S2	2	0.3	0
S2	2	0.3217	0
S2	2	0.345	0
S2	2	0.37	0
S2	2	0.3968	0
S2	2	0.4255	0
S2	2	0.4563	0
S2	2	0.4893	0
S2	2	0.5248	0
S2	2	0.5627	0
S2	2	0.6035	0
S2	2	0.6472	0
S2	2	0.694	0
S2	2	0.7443	0
S2	2	0.7982	0
S2	2	0.8559	0
S2	2	0.9179	0
S2	2	0.9844	0
S2	2	1.056	0
S2	2	1.132	0
S2	2	1.214	0
S2	2	1.302	0
S2	2	1.396	0
S2	2	1.497	0
S2	2	1.606	0
S2	2	1.722	0
S2	2	1.846	0
S2	2	1.98	0
S2	2	2.124	0
S2	2	2.277	0
S2	2	2.442	0
S2	2	2.619	0
S2	2	2.809	0
S2	2	3.012	0
S2	2	3.23	0
S2	2	3.464	0
S2	2	3.714	0
S2	2	3.983	0
S2	2	4.272	0
S2	2	4.581	0
S2	2	4.913	0
S2	2	5.268	0
S2	2	5.65	0
S2	2	6.059	0
S2	2	6.497	0
S2	2	6.968	0
S2	2	7.472	0
S2	2	8.013	0
S2	2	8.593	0
S2	2	9.215	0
S2	2	9.882	0
S2	2	10.6	0
S2	2	11.37	0
S2	2	12.19	0
S2	2	13.07	0
S2	2	14.02	0
S2	2	15.03	0
S2	2	16.12	0
S2	2	17.29	0
S2	2	18.54	0
S2	2	19.88	0
S2	2	21.32	0
S2	2	22.86	0
S2	2	24.52	0
S2	2	26.29	0
S2	2	28.2	0
S2	2	30.24	0
S2	2	32.43	0
S2	2	34.77	0
S2	2	37.29	0
S2	2	39.99	0
S2	2	42.89	0
S2	2	45.99	0
S2	2	49.32	0
S2	2	52.89	0
S2	2	56.72	0
S2	2	60.83	0
S2	2	65.23	0
S2	2	69.95	0
S2	2	75.02	0
S2	2	80.45	0
S2	2	86.27	0
S2	2	92.52	0
S2	2	99.21	0
S2	2	106.4	0.841
S2	2	114.1	3.968
S2	2	122.4	8.908
S2	2	131.2	13.32
S2	2	140.7	15.5
S2	2	150.9	15.23
S2	2	161.8	13.15
S2	2	173.5	10.15
S2	2	186.1	6.985
S2	2	199.6	4.133
S2	2	214	1.904
S2	2	229.5	0.5776
S2	2	246.1	0.08449
S2	2	264	0
S2	2	283.1	0
S2	2	303.6	0
S2	2	325.5	0
S2	2	349.1	0
S2	2	374.4	0.06389
S2	2	401.5	0.3573
S2	2	430.6	0.8284
S2	2	461.7	1.089
S2	2	495.2	0.9327
S2	2	531	0.5358
S2	2	569.4	0.1844
S2	2	610.7	0.02722
S2	2	654.9	0
S2	2	702.3	0
S2	2	753.1	0.004115
S2	2	807.7	0.02031
S2	2	866.1	0.05337
S2	2	928.8	1.03E-01
S2	2	996.1	0.1606
S2	2	1068	0.2024
S2	2	1146	0.2103
S2	2	1228	0.1931
S2	2	1317	0.1539
S2	2	1413	0.08784
S2	2	1515	0.02767
S2	2	1625	0.003166
S2	2	1742	0
S2	2	1868	0
S2	2	2004	0
S2	2	2149	0
S2	2	2304	0
S2	2	2471	0
S2	2	2650	0
S2	2	2842	0
S2	2	3048	0
S2	2	3268	0
S2	2	3505	0
S2	2	3759	0
S2	2	4031	0
S2	2	4323	0
S2	2	4635	0
S2	2	4971	0
S2	2	5331	0
S2	2	5717	0
S2	2	6131	0
S2	2	6575	0
S2	2	7051	0
S2	2	7561	0
S2	2	8108	0
S2	2	8695	0
S2	2	9325	0
S2	2	1.00E+04	0
S2	3	0.3	0
S2	3	0.3217	0
S2	3	0.345	0
S2	3	0.37	0
S2	3	0.3968	0
S2	3	0.4255	0
S2	3	0.4563	0
S2	3	0.4893	0
S2	3	0.5248	0
S2	3	0.5627	0
S2	3	0.6035	0
S2	3	0.6472	0
S2	3	0.694	0
S2	3	0.7443	0
S2	3	0.7982	0
S2	3	0.8559	0
S2	3	0.9179	0
S2	3	0.9844	0
S2	3	1.056	0
S2	3	1.132	0
S2	3	1.214	0
S2	3	1.302	0
S2	3	1.396	0
S2	3	1.497	0
S2	3	1.606	0
S2	3	1.722	0
S2	3	1.846	0
S2	3	1.98	0
S2	3	2.124	0
S2	3	2.277	0
S2	3	2.442	0
S2	3	2.619	0
S2	3	2.809	0
S2	3	3.012	0
S2	3	3.23	0
S2	3	3.464	0
S2	3	3.714	0
S2	3	3.983	0
S2	3	4.272	0
S2	3	4.581	0
S2	3	4.913	0
S2	3	5.268	0
S2	3	5.65	0
S2	3	6.059	0
S2	3	6.497	0
S2	3	6.968	0
S2	3	7.472	0
S2	3	8.013	0
S2	3	8.593	0
S2	3	9.215	0
S2	3	9.882	0
S2	3	10.6	0
S2	3	11.37	0
S2	3	12.19	0
S2	3	13.07	0
S2	3	14.02	0
S2	3	15.03	0
S2	3	16.12	0
S2	3	17.29	0
S2	3	18.54	0
S2	3	19.88	0
S2	3	21.32	0
S2	3	22.86	0
S2	3	24.52	0
S2	3	26.29	0
S2	3	28.2	0
S2	3	30.24	0
S2	3	32.43	0
S2	3	34.77	0
S2	3	37.29	0
S2	3	39.99	0
S2	3	42.89	0
S2	3	45.99	0
S2	3	49.32	0
S2	3	52.89	0
S2	3	56.72	0
S2	3	60.83	0
S2	3	65.23	0
S2	3	69.95	0
S2	3	75.02	1.181
S2	3	80.45	5.721
S2	3	86.27	12.8
S2	3	92.52	18.3
S2	3	99.21	19.5
S2	3	106.4	16.79
S2	3	114.1	12.05
S2	3	122.4	7.181
S2	3	131.2	3.402
S2	3	140.7	1.139
S2	3	150.9	0.1965
S2	3	161.8	0
S2	3	173.5	0
S2	3	186.1	0
S2	3	199.6	0
S2	3	214	0
S2	3	229.5	0
S2	3	246.1	0
S2	3	264	0
S2	3	283.1	0.00E+00
S2	3	303.6	0
S2	3	325.5	0
S2	3	349.1	0
S2	3	374.4	0
S2	3	401.5	0.07646
S2	3	430.6	0.2813
S2	3	461.7	0.4464
S2	3	495.2	0.4169
S2	3	531	0.2534
S2	3	569.4	0.0948
S2	3	610.7	0.03229
S2	3	654.9	0.046
S2	3	702.3	0.05472
S2	3	753.1	3.26E-02
S2	3	807.7	8.85E-03
S2	3	866.1	4.43E-04
S2	3	928.8	0.00E+00
S2	3	996.1	0
S2	3	1068	0
S2	3	1146	0
S2	3	1228	0
S2	3	1317	0
S2	3	1413	0
S2	3	1515	0
S2	3	1625	0
S2	3	1742	0
S2	3	1868	0
S2	3	2004	0
S2	3	2149	0
S2	3	2304	0
S2	3	2471	0
S2	3	2650	0
S2	3	2842	0
S2	3	3048	0
S2	3	3268	0
S2	3	3505	0
S2	3	3759	0
S2	3	4031	0
S2	3	4323	0
S2	3	4635	0
S2	3	4971	0
S2	3	5331	0
S2	3	5717	0
S2	3	6131	0
S2	3	6575	0
S2	3	7051	0
S2	3	7561	0
S2	3	8108	0
S2	3	8695	0
S2	3	9325	0
S2	3	1.00E+04	0
B2	1	0.3	0
B2	1	0.3217	0
B2	1	0.345	0
B2	1	0.37	0
B2	1	0.3968	0
B2	1	0.4255	0
B2	1	0.4563	0
B2	1	0.4893	0
B2	1	0.5248	0
B2	1	0.5627	0
B2	1	0.6035	0
B2	1	0.6472	0
B2	1	0.694	0
B2	1	0.7443	0
B2	1	0.7982	0
B2	1	0.8559	0
B2	1	0.9179	0
B2	1	0.9844	0
B2	1	1.056	0
B2	1	1.132	0
B2	1	1.214	0
B2	1	1.302	0
B2	1	1.396	0
B2	1	1.497	0
B2	1	1.606	0
B2	1	1.722	0
B2	1	1.846	0
B2	1	1.98	0
B2	1	2.124	0
B2	1	2.277	0
B2	1	2.442	0
B2	1	2.619	0
B2	1	2.809	0
B2	1	3.012	0
B2	1	3.23	0
B2	1	3.464	0
B2	1	3.714	0
B2	1	3.983	0
B2	1	4.272	0
B2	1	4.581	0
B2	1	4.913	0
B2	1	5.268	0
B2	1	5.65	0
B2	1	6.059	0
B2	1	6.497	0
B2	1	6.968	0
B2	1	7.472	0
B2	1	8.013	0
B2	1	8.593	0
B2	1	9.215	0
B2	1	9.882	0
B2	1	10.6	0
B2	1	11.37	0
B2	1	12.19	0.9525
B2	1	13.07	4.578
B2	1	14.02	10.27
B2	1	15.03	14.99
B2	1	16.12	16.74
B2	1	17.29	15.63
B2	1	18.54	12.81
B2	1	19.88	9.455
B2	1	21.32	6.37
B2	1	22.86	3.937
B2	1	24.52	2.229
B2	1	26.29	1.145
B2	1	28.2	0.524
B2	1	30.24	0.2059
B2	1	32.43	0.06491
B2	1	34.77	0.01434
B2	1	37.29	0.00161
B2	1	39.99	0
B2	1	42.89	0
B2	1	45.99	0.0006752
B2	1	49.32	0.002911
B2	1	52.89	0.006044
B2	1	56.72	0.008625
B2	1	60.83	0.00994
B2	1	65.23	0.009972
B2	1	69.95	0.009062
B2	1	75.02	0.007636
B2	1	80.45	0.006054
B2	1	86.27	0.004558
B2	1	92.52	0.003279
B2	1	99.21	0.002262
B2	1	106.4	0.001499
B2	1	114.1	0.0009546
B2	1	122.4	0.0005827
B2	1	131.2	0.0003396
B2	1	140.7	0.0001875
B2	1	150.9	9.67E-05
B2	1	161.8	4.56E-05
B2	1	173.5	1.88E-05
B2	1	186.1	6.25E-06
B2	1	199.6	1.42E-06
B2	1	214	1.49E-07
B2	1	229.5	0
B2	1	246.1	0
B2	1	264	0
B2	1	283.1	0
B2	1	303.6	0
B2	1	325.5	0
B2	1	349.1	0
B2	1	374.4	0
B2	1	401.5	0
B2	1	430.6	0
B2	1	461.7	0
B2	1	495.2	0
B2	1	531	0
B2	1	569.4	0
B2	1	610.7	0
B2	1	654.9	0
B2	1	702.3	0
B2	1	753.1	0
B2	1	807.7	0
B2	1	866.1	0
B2	1	928.8	0
B2	1	996.1	0
B2	1	1068	0
B2	1	1146	0
B2	1	1228	0
B2	1	1317	0
B2	1	1413	0
B2	1	1515	0
B2	1	1625	0
B2	1	1742	0
B2	1	1868	0
B2	1	2004	0
B2	1	2149	0
B2	1	2304	0
B2	1	2471	0
B2	1	2650	0
B2	1	2842	0
B2	1	3048	0
B2	1	3268	0
B2	1	3505	0
B2	1	3759	0
B2	1	4031	0
B2	1	4323	0
B2	1	4635	0
B2	1	4971	0
B2	1	5331	0
B2	1	5717	0
B2	1	6131	0
B2	1	6575	0
B2	1	7051	0
B2	1	7561	0
B2	1	8108	0
B2	1	8695	0
B2	1	9325	0
B2	1	1.00E+04	0
B2	2	0.3	0
B2	2	0.3217	0
B2	2	0.345	0
B2	2	0.37	0
B2	2	0.3968	0
B2	2	0.4255	0
B2	2	0.4563	0
B2	2	0.4893	0
B2	2	0.5248	0
B2	2	0.5627	0
B2	2	0.6035	0
B2	2	0.6472	0
B2	2	0.694	0
B2	2	0.7443	0
B2	2	0.7982	0
B2	2	0.8559	0
B2	2	0.9179	0
B2	2	0.9844	0
B2	2	1.056	0
B2	2	1.132	0
B2	2	1.214	0
B2	2	1.302	0
B2	2	1.396	0
B2	2	1.497	0
B2	2	1.606	0
B2	2	1.722	0
B2	2	1.846	0
B2	2	1.98	0
B2	2	2.124	0
B2	2	2.277	0
B2	2	2.442	0
B2	2	2.619	0
B2	2	2.809	0
B2	2	3.012	0
B2	2	3.23	0
B2	2	3.464	0
B2	2	3.714	0
B2	2	3.983	0
B2	2	4.272	0
B2	2	4.581	0
B2	2	4.913	0
B2	2	5.268	0
B2	2	5.65	0
B2	2	6.059	0
B2	2	6.497	0
B2	2	6.968	0
B2	2	7.472	0
B2	2	8.013	0
B2	2	8.593	0
B2	2	9.215	0
B2	2	9.882	0
B2	2	10.6	0
B2	2	11.37	0
B2	2	12.19	0
B2	2	13.07	0
B2	2	14.02	0.6916
B2	2	15.03	3.49
B2	2	16.12	8.248
B2	2	17.29	12.72
B2	2	18.54	15.05
B2	2	19.88	14.98
B2	2	21.32	13.18
B2	2	22.86	10.55
B2	2	24.52	7.797
B2	2	26.29	5.376
B2	2	28.2	3.472
B2	2	30.24	2.1
B2	2	32.43	1.186
B2	2	34.77	0.6189
B2	2	37.29	0.2938
B2	2	39.99	0.1232
B2	2	42.89	0.04317
B2	2	45.99	0.01124
B2	2	49.32	0.001596
B2	2	52.89	0.0004468
B2	2	56.72	0.002078
B2	2	60.83	0.004679
B2	2	65.23	0.007191
B2	2	69.95	0.008816
B2	2	75.02	0.009324
B2	2	80.45	0.008879
B2	2	86.27	0.007807
B2	2	92.52	0.006437
B2	2	99.21	0.005028
B2	2	106.4	0.003743
B2	2	114.1	0.002665
B2	2	122.4	0.001817
B2	2	131.2	0.001185
B2	2	140.7	0.0007358
B2	2	150.9	0.0004316
B2	2	161.8	0.0002354
B2	2	173.5	0.000116
B2	2	186.1	4.87E-05
B2	2	199.6	1.53E-05
B2	2	214	2.59E-06
B2	2	229.5	0
B2	2	246.1	0
B2	2	264	0
B2	2	283.1	0
B2	2	303.6	0
B2	2	325.5	0
B2	2	349.1	0
B2	2	374.4	0
B2	2	401.5	0
B2	2	430.6	0
B2	2	461.7	0
B2	2	495.2	0
B2	2	531	0
B2	2	569.4	0
B2	2	610.7	0
B2	2	654.9	0.00E+00
B2	2	702.3	0
B2	2	753.1	0
B2	2	807.7	0
B2	2	866.1	0
B2	2	928.8	0
B2	2	996.1	0
B2	2	1068	0
B2	2	1146	0
B2	2	1228	0
B2	2	1317	0
B2	2	1413	0
B2	2	1515	0
B2	2	1625	0
B2	2	1742	0
B2	2	1868	0
B2	2	2004	0
B2	2	2149	0
B2	2	2304	0
B2	2	2471	0
B2	2	2650	0
B2	2	2842	0
B2	2	3048	0
B2	2	3268	0
B2	2	3505	0
B2	2	3759	0
B2	2	4031	0
B2	2	4323	0
B2	2	4635	0
B2	2	4971	0
B2	2	5331	0
B2	2	5717	0
B2	2	6131	0
B2	2	6575	0
B2	2	7051	0
B2	2	7561	0
B2	2	8108	0
B2	2	8695	0
B2	2	9325	0
B2	2	1.00E+04	0
B2	3	0.3	0
B2	3	0.3217	0
B2	3	0.345	0
B2	3	0.37	0
B2	3	0.3968	0
B2	3	0.4255	0
B2	3	0.4563	0
B2	3	0.4893	0
B2	3	0.5248	0
B2	3	0.5627	0
B2	3	0.6035	0
B2	3	0.6472	0
B2	3	0.694	0
B2	3	0.7443	0
B2	3	0.7982	0
B2	3	0.8559	0
B2	3	0.9179	0
B2	3	0.9844	0
B2	3	1.056	0
B2	3	1.132	0
B2	3	1.214	0
B2	3	1.302	0
B2	3	1.396	0
B2	3	1.497	0
B2	3	1.606	0
B2	3	1.722	0
B2	3	1.846	0
B2	3	1.98	0
B2	3	2.124	0
B2	3	2.277	0
B2	3	2.442	0
B2	3	2.619	0
B2	3	2.809	0
B2	3	3.012	0
B2	3	3.23	0
B2	3	3.464	0
B2	3	3.714	0
B2	3	3.983	0
B2	3	4.272	0
B2	3	4.581	0
B2	3	4.913	0
B2	3	5.268	0
B2	3	5.65	0
B2	3	6.059	0
B2	3	6.497	1.317
B2	3	6.968	6.44
B2	3	7.472	14.16
B2	3	8.013	19.4
B2	3	8.593	19.53
B2	3	9.215	15.92
B2	3	9.882	11.01
B2	3	10.6	6.571
B2	3	11.37	3.376
B2	3	12.19	1.455
B2	3	13.07	0.4962
B2	3	14.02	0.1178
B2	3	15.03	0.01425
B2	3	16.12	0
B2	3	17.29	0
B2	3	18.54	0
B2	3	19.88	0
B2	3	21.32	0.001654
B2	3	22.86	0.007329
B2	3	24.52	0.01557
B2	3	26.29	0.02248
B2	3	28.2	0.02588
B2	3	30.24	0.02571
B2	3	32.43	0.02302
B2	3	34.77	0.01905
B2	3	37.29	0.01482
B2	3	39.99	0.01096
B2	3	42.89	0.007767
B2	3	45.99	0.00531
B2	3	49.32	0.003521
B2	3	52.89	0.002277
B2	3	56.72	0.001445
B2	3	60.83	0.0009061
B2	3	65.23	0.000566
B2	3	69.95	0.0003557
B2	3	75.02	0.0002271
B2	3	80.45	0.0001485
B2	3	86.27	0.0001
B2	3	92.52	6.94E-05
B2	3	99.21	4.93E-05
B2	3	106.4	3.56E-05
B2	3	114.1	2.59E-05
B2	3	122.4	1.89E-05
B2	3	131.2	1.38E-05
B2	3	140.7	9.97E-06
B2	3	150.9	7.17E-06
B2	3	161.8	5.11E-06
B2	3	173.5	3.62E-06
B2	3	186.1	2.55E-06
B2	3	199.6	1.76E-06
B2	3	214	1.12E-06
B2	3	229.5	6.31E-07
B2	3	246.1	3.05E-07
B2	3	264	1.20E-07
B2	3	283.1	3.32E-08
B2	3	303.6	4.64E-09
B2	3	325.5	0
B2	3	349.1	0
B2	3	374.4	0
B2	3	401.5	8.71E-09
B2	3	430.6	3.62E-08
B2	3	461.7	6.80E-08
B2	3	495.2	7.87E-08
B2	3	531	6.16E-08
B2	3	569.4	3.03E-08
B2	3	610.7	6.87E-09
B2	3	654.9	0.00E+00
B2	3	702.3	0
B2	3	753.1	0
B2	3	807.7	0
B2	3	866.1	0
B2	3	928.8	0.00E+00
B2	3	996.1	0
B2	3	1068	0
B2	3	1146	0
B2	3	1228	0
B2	3	1317	0
B2	3	1413	0
B2	3	1515	0
B2	3	1625	0
B2	3	1742	0
B2	3	1868	0
B2	3	2004	0
B2	3	2149	0
B2	3	2304	0
B2	3	2471	0
B2	3	2650	0
B2	3	2842	0
B2	3	3048	0
B2	3	3268	0
B2	3	3505	0
B2	3	3759	0
B2	3	4031	0
B2	3	4323	0
B2	3	4635	0
B2	3	4971	0
B2	3	5331	0
B2	3	5717	0
B2	3	6131	0
B2	3	6575	0
B2	3	7051	0
B2	3	7561	0
B2	3	8108	0
B2	3	8695	0
B2	3	9325	0
B2	3	1.00E+04	0
U3	1	0.3	0
U3	1	0.3217	0
U3	1	0.345	0
U3	1	0.37	0
U3	1	0.3968	0
U3	1	0.4255	0
U3	1	0.4563	0
U3	1	0.4893	0
U3	1	0.5248	0
U3	1	0.5627	0
U3	1	0.6035	0
U3	1	0.6472	0
U3	1	0.694	0
U3	1	0.7443	0
U3	1	0.7982	0
U3	1	0.8559	0
U3	1	0.9179	0
U3	1	0.9844	0
U3	1	1.056	0
U3	1	1.132	0
U3	1	1.214	0
U3	1	1.302	0
U3	1	1.396	0
U3	1	1.497	0
U3	1	1.606	0
U3	1	1.722	0
U3	1	1.846	0
U3	1	1.98	0
U3	1	2.124	0
U3	1	2.277	0
U3	1	2.442	0
U3	1	2.619	0
U3	1	2.809	0
U3	1	3.012	0
U3	1	3.23	0
U3	1	3.464	0
U3	1	3.714	0
U3	1	3.983	0
U3	1	4.272	0
U3	1	4.581	0
U3	1	4.913	0
U3	1	5.268	0
U3	1	5.65	0
U3	1	6.059	0
U3	1	6.497	0
U3	1	6.968	0
U3	1	7.472	0
U3	1	8.013	0
U3	1	8.593	0
U3	1	9.215	0
U3	1	9.882	0
U3	1	10.6	0
U3	1	11.37	0
U3	1	12.19	0
U3	1	13.07	0
U3	1	14.02	0
U3	1	15.03	0
U3	1	16.12	0
U3	1	17.29	0
U3	1	18.54	0
U3	1	19.88	0
U3	1	21.32	0
U3	1	22.86	0
U3	1	24.52	0
U3	1	26.29	0
U3	1	28.2	0
U3	1	30.24	0
U3	1	32.43	0
U3	1	34.77	0
U3	1	37.29	0
U3	1	39.99	0
U3	1	42.89	0
U3	1	45.99	0
U3	1	49.32	1.283
U3	1	52.89	6.167
U3	1	56.72	13.51
U3	1	60.83	18.67
U3	1	65.23	19.12
U3	1	69.95	15.87
U3	1	75.02	11.12
U3	1	80.45	6.645
U3	1	86.27	3.34
U3	1	92.52	1.346
U3	1	99.21	0.3869
U3	1	106.4	0.05839
U3	1	114.1	0
U3	1	122.4	0
U3	1	131.2	0
U3	1	140.7	0.01576
U3	1	150.9	0.07551
U3	1	161.8	0.1768
U3	1	173.5	0.2851
U3	1	186.1	0.3699
U3	1	199.6	0.4056
U3	1	214	0.3727
U3	1	229.5	0.283
U3	1	246.1	0.1745
U3	1	264	0.08243
U3	1	283.1	2.59E-02
U3	1	303.6	3.81E-03
U3	1	325.5	0
U3	1	349.1	0
U3	1	374.4	0
U3	1	401.5	0.00679
U3	1	430.6	0.02657
U3	1	461.7	0.04474
U3	1	495.2	0.04271
U3	1	531	0.02351
U3	1	569.4	0.005766
U3	1	610.7	0
U3	1	654.9	0.00E+00
U3	1	702.3	0.002517
U3	1	753.1	0.009435
U3	1	807.7	0.01523
U3	1	866.1	0.0151
U3	1	928.8	0.0108
U3	1	996.1	0.005146
U3	1	1068	0.00163
U3	1	1146	0.002498
U3	1	1228	0.003507
U3	1	1317	0.001505
U3	1	1413	0
U3	1	1515	0
U3	1	1625	0
U3	1	1742	0
U3	1	1868	0
U3	1	2004	0
U3	1	2149	0
U3	1	2304	0
U3	1	2471	0
U3	1	2650	0
U3	1	2842	0
U3	1	3048	0
U3	1	3268	0
U3	1	3505	0
U3	1	3759	0
U3	1	4031	0
U3	1	4323	0
U3	1	4635	0
U3	1	4971	0
U3	1	5331	0
U3	1	5717	0
U3	1	6131	0
U3	1	6575	0
U3	1	7051	0
U3	1	7561	0
U3	1	8108	0
U3	1	8695	0
U3	1	9325	0
U3	1	1.00E+04	0
U3	2	0.3	0
U3	2	0.3217	0
U3	2	0.345	0
U3	2	0.37	0
U3	2	0.3968	0
U3	2	0.4255	0
U3	2	0.4563	0
U3	2	0.4893	0
U3	2	0.5248	0
U3	2	0.5627	0
U3	2	0.6035	0
U3	2	0.6472	0
U3	2	0.694	0
U3	2	0.7443	0
U3	2	0.7982	0
U3	2	0.8559	0
U3	2	0.9179	0
U3	2	0.9844	0
U3	2	1.056	0
U3	2	1.132	0
U3	2	1.214	0
U3	2	1.302	0
U3	2	1.396	0
U3	2	1.497	0
U3	2	1.606	0
U3	2	1.722	0
U3	2	1.846	0
U3	2	1.98	0
U3	2	2.124	0
U3	2	2.277	0
U3	2	2.442	0
U3	2	2.619	0
U3	2	2.809	0
U3	2	3.012	0
U3	2	3.23	0
U3	2	3.464	0
U3	2	3.714	0
U3	2	3.983	0
U3	2	4.272	0
U3	2	4.581	0
U3	2	4.913	0
U3	2	5.268	0
U3	2	5.65	0
U3	2	6.059	0
U3	2	6.497	0
U3	2	6.968	0
U3	2	7.472	0
U3	2	8.013	0
U3	2	8.593	0
U3	2	9.215	0
U3	2	9.882	0
U3	2	10.6	0
U3	2	11.37	0
U3	2	12.19	0
U3	2	13.07	0
U3	2	14.02	0
U3	2	15.03	0
U3	2	16.12	0
U3	2	17.29	0
U3	2	18.54	0
U3	2	19.88	0
U3	2	21.32	0
U3	2	22.86	0
U3	2	24.52	0
U3	2	26.29	0
U3	2	28.2	0
U3	2	30.24	0
U3	2	32.43	0
U3	2	34.77	0
U3	2	37.29	0
U3	2	39.99	0
U3	2	42.89	0
U3	2	45.99	0
U3	2	49.32	0
U3	2	52.89	0
U3	2	56.72	0
U3	2	60.83	1.142
U3	2	65.23	5.071
U3	2	69.95	10.62
U3	2	75.02	14.76
U3	2	80.45	15.99
U3	2	86.27	14.67
U3	2	92.52	11.9
U3	2	99.21	8.752
U3	2	106.4	5.908
U3	2	114.1	3.686
U3	2	122.4	2.137
U3	2	131.2	1.164
U3	2	140.7	0.62
U3	2	150.9	0.3601
U3	2	161.8	0.269
U3	2	173.5	0.2661
U3	2	186.1	0.3013
U3	2	199.6	0.3372
U3	2	214	0.341
U3	2	229.5	0.3022
U3	2	246.1	0.2343
U3	2	264	0.1577
U3	2	283.1	0.08726
U3	2	303.6	0.03416
U3	2	325.5	0.006724
U3	2	349.1	0.002158
U3	2	374.4	0.02961
U3	2	401.5	0.09995
U3	2	430.6	0.1733
U3	2	461.7	0.1986
U3	2	495.2	0.1697
U3	2	531	0.11
U3	2	569.4	0.04865
U3	2	610.7	1.05E-02
U3	2	654.9	3.33E-03
U3	2	702.3	1.12E-02
U3	2	753.1	1.50E-02
U3	2	807.7	9.75E-03
U3	2	866.1	2.61E-03
U3	2	928.8	0.00E+00
U3	2	996.1	0
U3	2	1068	0
U3	2	1146	0
U3	2	1228	0
U3	2	1317	0
U3	2	1413	0
U3	2	1515	0
U3	2	1625	0
U3	2	1742	0
U3	2	1868	0
U3	2	2004	0
U3	2	2149	0
U3	2	2304	0
U3	2	2471	0
U3	2	2650	0
U3	2	2842	0
U3	2	3048	0
U3	2	3268	0
U3	2	3505	0
U3	2	3759	0
U3	2	4031	0
U3	2	4323	0
U3	2	4635	0
U3	2	4971	0
U3	2	5331	0
U3	2	5717	0
U3	2	6131	0
U3	2	6575	0
U3	2	7051	0
U3	2	7561	0
U3	2	8108	0
U3	2	8695	0
U3	2	9325	0
U3	2	1.00E+04	0
U3	3	0.3	0
U3	3	0.3217	0
U3	3	0.345	0
U3	3	0.37	0
U3	3	0.3968	0
U3	3	0.4255	0
U3	3	0.4563	0
U3	3	0.4893	0
U3	3	0.5248	0
U3	3	0.5627	0
U3	3	0.6035	0
U3	3	0.6472	0
U3	3	0.694	0
U3	3	0.7443	0
U3	3	0.7982	0
U3	3	0.8559	0
U3	3	0.9179	0
U3	3	0.9844	0
U3	3	1.056	0
U3	3	1.132	0
U3	3	1.214	0
U3	3	1.302	0
U3	3	1.396	0
U3	3	1.497	0
U3	3	1.606	0
U3	3	1.722	0
U3	3	1.846	0
U3	3	1.98	0
U3	3	2.124	0
U3	3	2.277	0
U3	3	2.442	0
U3	3	2.619	0
U3	3	2.809	0
U3	3	3.012	0
U3	3	3.23	0
U3	3	3.464	0
U3	3	3.714	0
U3	3	3.983	0
U3	3	4.272	0
U3	3	4.581	0
U3	3	4.913	0
U3	3	5.268	0
U3	3	5.65	0
U3	3	6.059	0
U3	3	6.497	0
U3	3	6.968	0
U3	3	7.472	0
U3	3	8.013	0
U3	3	8.593	0
U3	3	9.215	0
U3	3	9.882	0
U3	3	10.6	0
U3	3	11.37	0
U3	3	12.19	0
U3	3	13.07	0
U3	3	14.02	0
U3	3	15.03	0
U3	3	16.12	0
U3	3	17.29	0
U3	3	18.54	0
U3	3	19.88	0
U3	3	21.32	0
U3	3	22.86	0
U3	3	24.52	0
U3	3	26.29	0
U3	3	28.2	0
U3	3	30.24	0
U3	3	32.43	0
U3	3	34.77	0
U3	3	37.29	0
U3	3	39.99	0
U3	3	42.89	0
U3	3	45.99	0
U3	3	49.32	0
U3	3	52.89	0
U3	3	56.72	1.91
U3	3	60.83	8.15
U3	3	65.23	15.99
U3	3	69.95	20.18
U3	3	75.02	19.16
U3	3	80.45	14.79
U3	3	86.27	9.551
U3	3	92.52	5.159
U3	3	99.21	2.249
U3	3	106.4	0.7219
U3	3	114.1	0.1372
U3	3	122.4	0.007884
U3	3	131.2	0
U3	3	140.7	0
U3	3	150.9	0
U3	3	161.8	0.01435
U3	3	173.5	0.06918
U3	3	186.1	0.1636
U3	3	199.6	0.258
U3	3	214	0.3036
U3	3	229.5	0.2794
U3	3	246.1	0.2042
U3	3	264	0.1152
U3	3	283.1	4.46E-02
U3	3	303.6	0.008489
U3	3	325.5	0
U3	3	349.1	0
U3	3	374.4	0.005547
U3	3	401.5	0.03806
U3	3	430.6	0.09913
U3	3	461.7	0.1405
U3	3	495.2	0.1262
U3	3	531	0.0736
U3	3	569.4	0.02431
U3	3	610.7	0.003074
U3	3	654.9	2.26E-04
U3	3	702.3	2.54E-03
U3	3	753.1	6.51E-03
U3	3	807.7	6.30E-03
U3	3	866.1	2.10E-03
U3	3	928.8	0.00E+00
U3	3	996.1	0
U3	3	1068	0
U3	3	1146	0
U3	3	1228	0
U3	3	1317	0
U3	3	1413	0
U3	3	1515	0
U3	3	1625	0
U3	3	1742	0
U3	3	1868	0
U3	3	2004	0
U3	3	2149	0
U3	3	2304	0
U3	3	2471	0
U3	3	2650	0
U3	3	2842	0
U3	3	3048	0
U3	3	3268	0
U3	3	3505	0
U3	3	3759	0
U3	3	4031	0
U3	3	4323	0
U3	3	4635	0
U3	3	4971	0
U3	3	5331	0
U3	3	5717	0
U3	3	6131	0
U3	3	6575	0
U3	3	7051	0
U3	3	7561	0
U3	3	8108	0
U3	3	8695	0
U3	3	9325	0
U3	3	1.00E+04	0
S3	1	0.3	0
S3	1	0.3217	0
S3	1	0.345	0
S3	1	0.37	0
S3	1	0.3968	0
S3	1	0.4255	0
S3	1	0.4563	0
S3	1	0.4893	0
S3	1	0.5248	0
S3	1	0.5627	0
S3	1	0.6035	0
S3	1	0.6472	0
S3	1	0.694	0
S3	1	0.7443	0
S3	1	0.7982	0
S3	1	0.8559	0
S3	1	0.9179	0
S3	1	0.9844	0
S3	1	1.056	0
S3	1	1.132	0
S3	1	1.214	0
S3	1	1.302	0
S3	1	1.396	0
S3	1	1.497	0
S3	1	1.606	0
S3	1	1.722	0
S3	1	1.846	0
S3	1	1.98	0
S3	1	2.124	0
S3	1	2.277	0
S3	1	2.442	0
S3	1	2.619	0
S3	1	2.809	0
S3	1	3.012	0
S3	1	3.23	0
S3	1	3.464	0
S3	1	3.714	0
S3	1	3.983	0
S3	1	4.272	0
S3	1	4.581	0
S3	1	4.913	0
S3	1	5.268	0
S3	1	5.65	0
S3	1	6.059	0
S3	1	6.497	0
S3	1	6.968	0
S3	1	7.472	0
S3	1	8.013	0
S3	1	8.593	0
S3	1	9.215	0
S3	1	9.882	0
S3	1	10.6	0
S3	1	11.37	0
S3	1	12.19	0
S3	1	13.07	0
S3	1	14.02	0
S3	1	15.03	0
S3	1	16.12	0
S3	1	17.29	0
S3	1	18.54	0
S3	1	19.88	0
S3	1	21.32	0
S3	1	22.86	0
S3	1	24.52	0
S3	1	26.29	0
S3	1	28.2	2.616
S3	1	30.24	10.5
S3	1	32.43	19.19
S3	1	34.77	22.4
S3	1	37.29	19.54
S3	1	39.99	13.58
S3	1	42.89	7.615
S3	1	45.99	3.331
S3	1	49.32	1.021
S3	1	52.89	0.1619
S3	1	56.72	0
S3	1	60.83	0
S3	1	65.23	0
S3	1	69.95	0
S3	1	75.02	0
S3	1	80.45	0
S3	1	86.27	0
S3	1	92.52	0
S3	1	99.21	0
S3	1	106.4	0
S3	1	114.1	0
S3	1	122.4	0
S3	1	131.2	0
S3	1	140.7	0
S3	1	150.9	0
S3	1	161.8	0
S3	1	173.5	0
S3	1	186.1	0.0002606
S3	1	199.6	0.001393
S3	1	214	0.003418
S3	1	229.5	0.005258
S3	1	246.1	0.005865
S3	1	264	0.005076
S3	1	283.1	0.003351
S3	1	303.6	0.001485
S3	1	325.5	0.0003181
S3	1	349.1	0
S3	1	374.4	0.0005181
S3	1	401.5	0.002189
S3	1	430.6	0.004169
S3	1	461.7	0.004876
S3	1	495.2	0.003905
S3	1	531	0.002084
S3	1	569.4	0.0006165
S3	1	610.7	6.00E-05
S3	1	654.9	0
S3	1	702.3	0
S3	1	753.1	0
S3	1	807.7	0
S3	1	866.1	0
S3	1	928.8	0
S3	1	996.1	0
S3	1	1068	0
S3	1	1146	0
S3	1	1228	0
S3	1	1317	0
S3	1	1413	0
S3	1	1515	0
S3	1	1625	0
S3	1	1742	0
S3	1	1868	0
S3	1	2004	0
S3	1	2149	0
S3	1	2304	0
S3	1	2471	0
S3	1	2650	0
S3	1	2842	0
S3	1	3048	0
S3	1	3268	0
S3	1	3505	0
S3	1	3759	0
S3	1	4031	0
S3	1	4323	0
S3	1	4635	0
S3	1	4971	0
S3	1	5331	0
S3	1	5717	0
S3	1	6131	0
S3	1	6575	0
S3	1	7051	0
S3	1	7561	0
S3	1	8108	0
S3	1	8695	0
S3	1	9325	0
S3	1	1.00E+04	0
S3	2	0.3	0
S3	2	0.3217	0
S3	2	0.345	0
S3	2	0.37	0
S3	2	0.3968	0
S3	2	0.4255	0
S3	2	0.4563	0
S3	2	0.4893	0
S3	2	0.5248	0
S3	2	0.5627	0
S3	2	0.6035	0
S3	2	0.6472	0
S3	2	0.694	0
S3	2	0.7443	0
S3	2	0.7982	0
S3	2	0.8559	0
S3	2	0.9179	0
S3	2	0.9844	0
S3	2	1.056	0
S3	2	1.132	0
S3	2	1.214	0
S3	2	1.302	0
S3	2	1.396	0
S3	2	1.497	0
S3	2	1.606	0
S3	2	1.722	0
S3	2	1.846	0
S3	2	1.98	0
S3	2	2.124	0
S3	2	2.277	0
S3	2	2.442	0
S3	2	2.619	0
S3	2	2.809	0
S3	2	3.012	0
S3	2	3.23	0
S3	2	3.464	0
S3	2	3.714	0
S3	2	3.983	0
S3	2	4.272	0
S3	2	4.581	0
S3	2	4.913	0
S3	2	5.268	0
S3	2	5.65	0
S3	2	6.059	0
S3	2	6.497	0
S3	2	6.968	0
S3	2	7.472	0
S3	2	8.013	0
S3	2	8.593	0
S3	2	9.215	0
S3	2	9.882	0
S3	2	10.6	0
S3	2	11.37	0
S3	2	12.19	0
S3	2	13.07	0
S3	2	14.02	0
S3	2	15.03	0
S3	2	16.12	0
S3	2	17.29	0
S3	2	18.54	0
S3	2	19.88	0
S3	2	21.32	0
S3	2	22.86	0
S3	2	24.52	0
S3	2	26.29	0
S3	2	28.2	0
S3	2	30.24	1.679
S3	2	32.43	7.355
S3	2	34.77	14.89
S3	2	37.29	19.47
S3	2	39.99	19.25
S3	2	42.89	15.58
S3	2	45.99	10.69
S3	2	49.32	6.262
S3	2	52.89	3.079
S3	2	56.72	1.207
S3	2	60.83	0.3352
S3	2	65.23	0.0485
S3	2	69.95	0
S3	2	75.02	0
S3	2	80.45	0
S3	2	86.27	0
S3	2	92.52	0
S3	2	99.21	0
S3	2	106.4	0
S3	2	114.1	0
S3	2	122.4	0
S3	2	131.2	0
S3	2	140.7	0
S3	2	150.9	0
S3	2	161.8	0
S3	2	173.5	0
S3	2	186.1	0.001019
S3	2	199.6	0.005222
S3	2	214	0.01285
S3	2	229.5	0.02091
S3	2	246.1	0.02622
S3	2	264	0.02741
S3	2	283.1	0.02428
S3	2	303.6	0.01744
S3	2	325.5	0.0088
S3	2	349.1	0.002247
S3	2	374.4	6.46E-05
S3	2	401.5	0
S3	2	430.6	0
S3	2	461.7	0
S3	2	495.2	0
S3	2	531	7.33E-05
S3	2	569.4	0.0003804
S3	2	610.7	0.0006504
S3	2	654.9	0.0004528
S3	2	702.3	0.0001095
S3	2	753.1	0
S3	2	807.7	0
S3	2	866.1	6.99E-05
S3	2	928.8	0.0004202
S3	2	996.1	0.001135
S3	2	1068	0.001769
S3	2	1146	0.001901
S3	2	1228	0.001819
S3	2	1317	0.001643
S3	2	1413	0.001073
S3	2	1515	0.0003856
S3	2	1625	5.40E-05
S3	2	1742	0
S3	2	1868	0
S3	2	2004	0
S3	2	2149	0
S3	2	2304	0
S3	2	2471	5.97E-07
S3	2	2650	2.87E-06
S3	2	2842	5.13E-06
S3	2	3048	4.48E-06
S3	2	3268	2.15E-06
S3	2	3505	6.39E-07
S3	2	3759	1.06E-07
S3	2	4031	0
S3	2	4323	0
S3	2	4635	0
S3	2	4971	0
S3	2	5331	0
S3	2	5717	0
S3	2	6131	0
S3	2	6575	0
S3	2	7051	0
S3	2	7561	0
S3	2	8108	0
S3	2	8695	0
S3	2	9325	0
S3	2	1.00E+04	0
S3	3	0.3	0
S3	3	0.3217	0
S3	3	0.345	0
S3	3	0.37	0
S3	3	0.3968	0
S3	3	0.4255	0
S3	3	0.4563	0
S3	3	0.4893	0
S3	3	0.5248	0
S3	3	0.5627	0
S3	3	0.6035	0
S3	3	0.6472	0
S3	3	0.694	0
S3	3	0.7443	0
S3	3	0.7982	0
S3	3	0.8559	0
S3	3	0.9179	0
S3	3	0.9844	0
S3	3	1.056	0
S3	3	1.132	0
S3	3	1.214	0
S3	3	1.302	0
S3	3	1.396	0
S3	3	1.497	0
S3	3	1.606	0
S3	3	1.722	0
S3	3	1.846	0
S3	3	1.98	0
S3	3	2.124	0
S3	3	2.277	0
S3	3	2.442	0
S3	3	2.619	0
S3	3	2.809	0
S3	3	3.012	0
S3	3	3.23	0
S3	3	3.464	0
S3	3	3.714	0
S3	3	3.983	0
S3	3	4.272	0
S3	3	4.581	0
S3	3	4.913	0
S3	3	5.268	0
S3	3	5.65	0
S3	3	6.059	0
S3	3	6.497	0
S3	3	6.968	0
S3	3	7.472	0
S3	3	8.013	0
S3	3	8.593	0
S3	3	9.215	0
S3	3	9.882	0
S3	3	10.6	0
S3	3	11.37	0
S3	3	12.19	0
S3	3	13.07	0
S3	3	14.02	0
S3	3	15.03	0
S3	3	16.12	0
S3	3	17.29	0
S3	3	18.54	0
S3	3	19.88	0
S3	3	21.32	0
S3	3	22.86	0
S3	3	24.52	0
S3	3	26.29	0
S3	3	28.2	0
S3	3	30.24	0
S3	3	32.43	2.802
S3	3	34.77	11.94
S3	3	37.29	22.52
S3	3	39.99	25.62
S3	3	42.89	20.12
S3	3	45.99	11.4
S3	3	49.32	4.437
S3	3	52.89	0.9869
S3	3	56.72	0.07178
S3	3	60.83	0
S3	3	65.23	0
S3	3	69.95	0
S3	3	75.02	0
S3	3	80.45	0
S3	3	86.27	0
S3	3	92.52	0
S3	3	99.21	0
S3	3	106.4	0
S3	3	114.1	0
S3	3	122.4	0
S3	3	131.2	0
S3	3	140.7	0
S3	3	150.9	0
S3	3	161.8	0
S3	3	173.5	0
S3	3	186.1	0
S3	3	199.6	0.0001746
S3	3	214	0.002698
S3	3	229.5	0.008814
S3	3	246.1	0.01385
S3	3	264	0.01293
S3	3	283.1	0.007124
S3	3	303.6	0.001753
S3	3	325.5	0
S3	3	349.1	0
S3	3	374.4	0
S3	3	401.5	0.002431
S3	3	430.6	0.009415
S3	3	461.7	0.0157
S3	3	495.2	0.01487
S3	3	531	0.008152
S3	3	569.4	0.001994
S3	3	610.7	0
S3	3	654.9	0
S3	3	702.3	0.0001026
S3	3	753.1	3.88E-04
S3	3	807.7	4.67E-04
S3	3	866.1	1.82E-04
S3	3	928.8	0.00E+00
S3	3	996.1	0
S3	3	1068	0
S3	3	1146	0
S3	3	1228	0
S3	3	1317	0
S3	3	1413	0
S3	3	1515	0
S3	3	1625	0
S3	3	1742	0
S3	3	1868	0
S3	3	2004	0
S3	3	2149	0
S3	3	2304	0
S3	3	2471	0
S3	3	2650	0
S3	3	2842	0
S3	3	3048	0
S3	3	3268	0
S3	3	3505	0
S3	3	3759	0
S3	3	4031	0
S3	3	4323	0
S3	3	4635	0
S3	3	4971	0
S3	3	5331	0
S3	3	5717	0
S3	3	6131	0
S3	3	6575	0
S3	3	7051	0
S3	3	7561	0
S3	3	8108	0
S3	3	8695	0
S3	3	9325	0
S3	3	1.00E+04	0
B3	1	0.3	0
B3	1	0.3217	0
B3	1	0.345	0
B3	1	0.37	0
B3	1	0.3968	0
B3	1	0.4255	0
B3	1	0.4563	0
B3	1	0.4893	0
B3	1	0.5248	0
B3	1	0.5627	0
B3	1	0.6035	0
B3	1	0.6472	0
B3	1	0.694	0
B3	1	0.7443	0
B3	1	0.7982	0
B3	1	0.8559	0
B3	1	0.9179	0
B3	1	0.9844	0
B3	1	1.056	0
B3	1	1.132	0
B3	1	1.214	0
B3	1	1.302	0
B3	1	1.396	0
B3	1	1.497	0
B3	1	1.606	0
B3	1	1.722	0
B3	1	1.846	0
B3	1	1.98	0
B3	1	2.124	0
B3	1	2.277	0
B3	1	2.442	0
B3	1	2.619	0
B3	1	2.809	0
B3	1	3.012	0
B3	1	3.23	0
B3	1	3.464	0
B3	1	3.714	0
B3	1	3.983	0
B3	1	4.272	0
B3	1	4.581	0
B3	1	4.913	0
B3	1	5.268	0
B3	1	5.65	0
B3	1	6.059	0
B3	1	6.497	0
B3	1	6.968	0
B3	1	7.472	0
B3	1	8.013	0
B3	1	8.593	0
B3	1	9.215	0
B3	1	9.882	0
B3	1	10.6	0
B3	1	11.37	0
B3	1	12.19	0
B3	1	13.07	0
B3	1	14.02	0
B3	1	15.03	0
B3	1	16.12	0
B3	1	17.29	0
B3	1	18.54	0
B3	1	19.88	0
B3	1	21.32	0
B3	1	22.86	0
B3	1	24.52	0
B3	1	26.29	0
B3	1	28.2	0
B3	1	30.24	0
B3	1	32.43	0
B3	1	34.77	0
B3	1	37.29	0
B3	1	39.99	0.7675
B3	1	42.89	3.913
B3	1	45.99	9.204
B3	1	49.32	13.88
B3	1	52.89	15.83
B3	1	56.72	14.98
B3	1	60.83	12.37
B3	1	65.23	9.163
B3	1	69.95	6.189
B3	1	75.02	3.856
B3	1	80.45	2.253
B3	1	86.27	1.283
B3	1	92.52	0.7766
B3	1	99.21	0.5626
B3	1	106.4	0.5053
B3	1	114.1	0.5121
B3	1	122.4	0.5288
B3	1	131.2	0.5302
B3	1	140.7	0.5091
B3	1	150.9	0.4684
B3	1	161.8	0.4148
B3	1	173.5	0.3553
B3	1	186.1	0.296
B3	1	199.6	0.2355
B3	1	214	0.17
B3	1	229.5	0.1066
B3	1	246.1	0.05646
B3	1	264	0.02385
B3	1	283.1	0.007004
B3	1	303.6	0.001015
B3	1	325.5	0
B3	1	349.1	0.002809
B3	1	374.4	0.01609
B3	1	401.5	0.0395
B3	1	430.6	0.05762
B3	1	461.7	0.05855
B3	1	495.2	0.04483
B3	1	531	0.02571
B3	1	569.4	0.009853
B3	1	610.7	0.001829
B3	1	654.9	0.00E+00
B3	1	702.3	0
B3	1	753.1	0
B3	1	807.7	0
B3	1	866.1	0
B3	1	928.8	0.00E+00
B3	1	996.1	0
B3	1	1068	0
B3	1	1146	0
B3	1	1228	0
B3	1	1317	0
B3	1	1413	0
B3	1	1515	0
B3	1	1625	0
B3	1	1742	0
B3	1	1868	0
B3	1	2004	0
B3	1	2149	0
B3	1	2304	0
B3	1	2471	0
B3	1	2650	0
B3	1	2842	0
B3	1	3048	0
B3	1	3268	0
B3	1	3505	0
B3	1	3759	0
B3	1	4031	0
B3	1	4323	0
B3	1	4635	0
B3	1	4971	0
B3	1	5331	0
B3	1	5717	0
B3	1	6131	0
B3	1	6575	0
B3	1	7051	0
B3	1	7561	0
B3	1	8108	0
B3	1	8695	0
B3	1	9325	0
B3	1	1.00E+04	0
B3	2	0.3	0
B3	2	0.3217	0
B3	2	0.345	0
B3	2	0.37	0
B3	2	0.3968	0
B3	2	0.4255	0
B3	2	0.4563	0
B3	2	0.4893	0
B3	2	0.5248	0
B3	2	0.5627	0
B3	2	0.6035	0
B3	2	0.6472	0
B3	2	0.694	0
B3	2	0.7443	0
B3	2	0.7982	0
B3	2	0.8559	0
B3	2	0.9179	0
B3	2	0.9844	0
B3	2	1.056	0
B3	2	1.132	0
B3	2	1.214	0
B3	2	1.302	0
B3	2	1.396	0
B3	2	1.497	0
B3	2	1.606	0
B3	2	1.722	0
B3	2	1.846	0
B3	2	1.98	0
B3	2	2.124	0
B3	2	2.277	0
B3	2	2.442	0
B3	2	2.619	0
B3	2	2.809	0
B3	2	3.012	0
B3	2	3.23	0
B3	2	3.464	0
B3	2	3.714	0
B3	2	3.983	0
B3	2	4.272	0
B3	2	4.581	0
B3	2	4.913	0
B3	2	5.268	0
B3	2	5.65	0
B3	2	6.059	0
B3	2	6.497	0
B3	2	6.968	0
B3	2	7.472	0
B3	2	8.013	0
B3	2	8.593	0
B3	2	9.215	0
B3	2	9.882	0
B3	2	10.6	0
B3	2	11.37	0
B3	2	12.19	0
B3	2	13.07	0
B3	2	14.02	0
B3	2	15.03	0
B3	2	16.12	0
B3	2	17.29	0
B3	2	18.54	0
B3	2	19.88	0
B3	2	21.32	0
B3	2	22.86	0
B3	2	24.52	0
B3	2	26.29	0.2559
B3	2	28.2	2.103
B3	2	30.24	6.469
B3	2	32.43	11.55
B3	2	34.77	14.85
B3	2	37.29	15.57
B3	2	39.99	14.17
B3	2	42.89	11.58
B3	2	45.99	8.647
B3	2	49.32	5.964
B3	2	52.89	3.81
B3	2	56.72	2.248
B3	2	60.83	1.215
B3	2	65.23	0.5913
B3	2	69.95	0.2507
B3	2	75.02	0.08727
B3	2	80.45	0.02204
B3	2	86.27	0.002963
B3	2	92.52	0.001939
B3	2	99.21	0.009894
B3	2	106.4	0.02452
B3	2	114.1	0.0413
B3	2	122.4	0.05527
B3	2	131.2	0.06386
B3	2	140.7	0.06678
B3	2	150.9	0.06503
B3	2	161.8	0.06009
B3	2	173.5	0.05341
B3	2	186.1	0.04615
B3	2	199.6	0.0382
B3	2	214	0.02889
B3	2	229.5	0.01925
B3	2	246.1	0.01111
B3	2	264	0.005328
B3	2	283.1	0.001881
B3	2	303.6	0.0003463
B3	2	325.5	0
B3	2	349.1	2.21E-05
B3	2	374.4	0.0007617
B3	2	401.5	0.002827
B3	2	430.6	0.005013
B3	2	461.7	0.00577
B3	2	495.2	0.004955
B3	2	531	0.003271
B3	2	569.4	0.001532
B3	2	610.7	4.21E-04
B3	2	654.9	1.27E-04
B3	2	702.3	0.0001874
B3	2	753.1	0.000173
B3	2	807.7	7.38E-05
B3	2	866.1	1.10E-05
B3	2	928.8	0
B3	2	996.1	0
B3	2	1068	0
B3	2	1146	0
B3	2	1228	0
B3	2	1317	0
B3	2	1413	0
B3	2	1515	0
B3	2	1625	0
B3	2	1742	0
B3	2	1868	0
B3	2	2004	0
B3	2	2149	0
B3	2	2304	0
B3	2	2471	0
B3	2	2650	0
B3	2	2842	0
B3	2	3048	0
B3	2	3268	0
B3	2	3505	0
B3	2	3759	0
B3	2	4031	0
B3	2	4323	0
B3	2	4635	0
B3	2	4971	0
B3	2	5331	0
B3	2	5717	0
B3	2	6131	0
B3	2	6575	0
B3	2	7051	0
B3	2	7561	0
B3	2	8108	0
B3	2	8695	0
B3	2	9325	0
B3	2	1.00E+04	0
B3	3	0.3	0
B3	3	0.3217	0
B3	3	0.345	0
B3	3	0.37	0
B3	3	0.3968	0
B3	3	0.4255	0
B3	3	0.4563	0
B3	3	0.4893	0
B3	3	0.5248	0
B3	3	0.5627	0
B3	3	0.6035	0
B3	3	0.6472	0
B3	3	0.694	0
B3	3	0.7443	0
B3	3	0.7982	0
B3	3	0.8559	0
B3	3	0.9179	0
B3	3	0.9844	0
B3	3	1.056	0
B3	3	1.132	0
B3	3	1.214	0
B3	3	1.302	0
B3	3	1.396	0
B3	3	1.497	0
B3	3	1.606	0
B3	3	1.722	0
B3	3	1.846	0
B3	3	1.98	0
B3	3	2.124	0
B3	3	2.277	0
B3	3	2.442	0
B3	3	2.619	0
B3	3	2.809	0
B3	3	3.012	0
B3	3	3.23	0
B3	3	3.464	0
B3	3	3.714	0
B3	3	3.983	0
B3	3	4.272	0
B3	3	4.581	0
B3	3	4.913	0
B3	3	5.268	0
B3	3	5.65	0
B3	3	6.059	0
B3	3	6.497	0
B3	3	6.968	0
B3	3	7.472	0
B3	3	8.013	0
B3	3	8.593	0
B3	3	9.215	0
B3	3	9.882	0
B3	3	10.6	0
B3	3	11.37	0
B3	3	12.19	0
B3	3	13.07	0
B3	3	14.02	0
B3	3	15.03	0
B3	3	16.12	0
B3	3	17.29	0
B3	3	18.54	0
B3	3	19.88	0
B3	3	21.32	0
B3	3	22.86	0
B3	3	24.52	0
B3	3	26.29	0
B3	3	28.2	0
B3	3	30.24	0
B3	3	32.43	0
B3	3	34.77	0
B3	3	37.29	0
B3	3	39.99	0
B3	3	42.89	0
B3	3	45.99	0
B3	3	49.32	0
B3	3	52.89	1.033
B3	3	56.72	5.085
B3	3	60.83	11.53
B3	3	65.23	16.73
B3	3	69.95	18.24
B3	3	75.02	16.36
B3	3	80.45	12.62
B3	3	86.27	8.539
B3	3	92.52	5.074
B3	3	99.21	2.605
B3	3	106.4	1.109
B3	3	114.1	0.3582
B3	3	122.4	0.07223
B3	3	131.2	0.005511
B3	3	140.7	0
B3	3	150.9	0
B3	3	161.8	0
B3	3	173.5	0
B3	3	186.1	0
B3	3	199.6	0.004807
B3	3	214	0.02163
B3	3	229.5	0.04523
B3	3	246.1	0.06092
B3	3	264	0.06005
B3	3	283.1	0.04366
B3	3	303.6	0.02083
B3	3	325.5	0.004707
B3	3	349.1	0
B3	3	374.4	0.007018
B3	3	401.5	0.03292
B3	3	430.6	0.06972
B3	3	461.7	0.09045
B3	3	495.2	0.08131
B3	3	531	0.05155
B3	3	569.4	0.02078
B3	3	610.7	0.003902
B3	3	654.9	0.001424
B3	3	702.3	0.005586
B3	3	753.1	0.008968
B3	3	807.7	0.006872
B3	3	866.1	0.002066
B3	3	928.8	0.00E+00
B3	3	996.1	0
B3	3	1068	0
B3	3	1146	0
B3	3	1228	0
B3	3	1317	0
B3	3	1413	0
B3	3	1515	0
B3	3	1625	0
B3	3	1742	0
B3	3	1868	0
B3	3	2004	0
B3	3	2149	0
B3	3	2304	0
B3	3	2471	0
B3	3	2650	0
B3	3	2842	0
B3	3	3048	0
B3	3	3268	0
B3	3	3505	0
B3	3	3759	0
B3	3	4031	0
B3	3	4323	0
B3	3	4635	0
B3	3	4971	0
B3	3	5331	0
B3	3	5717	0
B3	3	6131	0
B3	3	6575	0
B3	3	7051	0
B3	3	7561	0
B3	3	8108	0
B3	3	8695	0
B3	3	9325	0
B3	3	1.00E+04	0
U4	1	0.3	0
U4	1	0.3217	0
U4	1	0.345	0
U4	1	0.37	0
U4	1	0.3968	0
U4	1	0.4255	0
U4	1	0.4563	0
U4	1	0.4893	0
U4	1	0.5248	0
U4	1	0.5627	0
U4	1	0.6035	0
U4	1	0.6472	0
U4	1	0.694	0
U4	1	0.7443	0
U4	1	0.7982	0
U4	1	0.8559	0
U4	1	0.9179	0
U4	1	0.9844	0
U4	1	1.056	0
U4	1	1.132	0
U4	1	1.214	0
U4	1	1.302	0
U4	1	1.396	0
U4	1	1.497	0
U4	1	1.606	0
U4	1	1.722	0
U4	1	1.846	0
U4	1	1.98	0
U4	1	2.124	0
U4	1	2.277	0
U4	1	2.442	0
U4	1	2.619	0
U4	1	2.809	0
U4	1	3.012	0
U4	1	3.23	0
U4	1	3.464	0
U4	1	3.714	0
U4	1	3.983	0
U4	1	4.272	0
U4	1	4.581	0
U4	1	4.913	0
U4	1	5.268	0
U4	1	5.65	0
U4	1	6.059	0
U4	1	6.497	0
U4	1	6.968	0
U4	1	7.472	0
U4	1	8.013	0
U4	1	8.593	0
U4	1	9.215	0
U4	1	9.882	0
U4	1	10.6	0
U4	1	11.37	0
U4	1	12.19	0
U4	1	13.07	0
U4	1	14.02	0
U4	1	15.03	0
U4	1	16.12	0
U4	1	17.29	0
U4	1	18.54	0
U4	1	19.88	0
U4	1	21.32	0
U4	1	22.86	0
U4	1	24.52	0
U4	1	26.29	0
U4	1	28.2	0
U4	1	30.24	0
U4	1	32.43	0
U4	1	34.77	0
U4	1	37.29	0
U4	1	39.99	0
U4	1	42.89	0
U4	1	45.99	1.938
U4	1	49.32	7.747
U4	1	52.89	14.41
U4	1	56.72	17.83
U4	1	60.83	17.34
U4	1	65.23	14.28
U4	1	69.95	10.3
U4	1	75.02	6.598
U4	1	80.45	3.744
U4	1	86.27	1.847
U4	1	92.52	0.754
U4	1	99.21	0.2268
U4	1	106.4	0.03662
U4	1	114.1	0.01272
U4	1	122.4	0.0601
U4	1	131.2	0.1395
U4	1	140.7	0.2249
U4	1	150.9	0.2944
U4	1	161.8	0.3381
U4	1	173.5	0.3562
U4	1	186.1	0.354
U4	1	199.6	0.3303
U4	1	214	0.2785
U4	1	229.5	0.2072
U4	1	246.1	0.1355
U4	1	264	0.07658
U4	1	283.1	0.03506
U4	1	303.6	0.01106
U4	1	325.5	0.001713
U4	1	349.1	0
U4	1	374.4	0.002262
U4	1	401.5	0.009694
U4	1	430.6	0.01885
U4	1	461.7	0.02278
U4	1	495.2	0.01941
U4	1	531	0.01184
U4	1	569.4	0.004659
U4	1	610.7	0.0008652
U4	1	654.9	6.02E-05
U4	1	702.3	0.0003174
U4	1	753.1	0.0006285
U4	1	807.7	0.0005458
U4	1	866.1	0.0001745
U4	1	928.8	0.00E+00
U4	1	996.1	0
U4	1	1068	0
U4	1	1146	0
U4	1	1228	0
U4	1	1317	0
U4	1	1413	0
U4	1	1515	0
U4	1	1625	0
U4	1	1742	0
U4	1	1868	0
U4	1	2004	0
U4	1	2149	0
U4	1	2304	0
U4	1	2471	0
U4	1	2650	0
U4	1	2842	0
U4	1	3048	0
U4	1	3268	0
U4	1	3505	0
U4	1	3759	0
U4	1	4031	0
U4	1	4323	0
U4	1	4635	0
U4	1	4971	0
U4	1	5331	0
U4	1	5717	0
U4	1	6131	0
U4	1	6575	0
U4	1	7051	0
U4	1	7561	0
U4	1	8108	0
U4	1	8695	0
U4	1	9325	0
U4	1	1.00E+04	0
U4	2	0.3	0
U4	2	0.3217	0
U4	2	0.345	0
U4	2	0.37	0
U4	2	0.3968	0
U4	2	0.4255	0
U4	2	0.4563	0
U4	2	0.4893	0
U4	2	0.5248	0
U4	2	0.5627	0
U4	2	0.6035	0
U4	2	0.6472	0
U4	2	0.694	0
U4	2	0.7443	0
U4	2	0.7982	0
U4	2	0.8559	0
U4	2	0.9179	0
U4	2	0.9844	0
U4	2	1.056	0
U4	2	1.132	0
U4	2	1.214	0
U4	2	1.302	0
U4	2	1.396	0
U4	2	1.497	0
U4	2	1.606	0
U4	2	1.722	0
U4	2	1.846	0
U4	2	1.98	0
U4	2	2.124	0
U4	2	2.277	0
U4	2	2.442	0
U4	2	2.619	0
U4	2	2.809	0
U4	2	3.012	0
U4	2	3.23	0
U4	2	3.464	0
U4	2	3.714	0
U4	2	3.983	0
U4	2	4.272	0
U4	2	4.581	0
U4	2	4.913	0
U4	2	5.268	0
U4	2	5.65	0
U4	2	6.059	0
U4	2	6.497	0
U4	2	6.968	0
U4	2	7.472	0
U4	2	8.013	0
U4	2	8.593	0
U4	2	9.215	0
U4	2	9.882	0
U4	2	10.6	0
U4	2	11.37	0
U4	2	12.19	0
U4	2	13.07	0
U4	2	14.02	0
U4	2	15.03	0
U4	2	16.12	0
U4	2	17.29	0
U4	2	18.54	0
U4	2	19.88	0
U4	2	21.32	0
U4	2	22.86	0
U4	2	24.52	0
U4	2	26.29	0
U4	2	28.2	0
U4	2	30.24	0
U4	2	32.43	0
U4	2	34.77	0
U4	2	37.29	0
U4	2	39.99	0
U4	2	42.89	0
U4	2	45.99	0
U4	2	49.32	0
U4	2	52.89	0
U4	2	56.72	0
U4	2	60.83	0
U4	2	65.23	0.1824
U4	2	69.95	1.355
U4	2	75.02	4.088
U4	2	80.45	7.447
U4	2	86.27	10.05
U4	2	92.52	11.32
U4	2	99.21	11.33
U4	2	106.4	10.46
U4	2	114.1	9.118
U4	2	122.4	7.625
U4	2	131.2	6.19
U4	2	140.7	4.923
U4	2	150.9	3.865
U4	2	161.8	3.015
U4	2	173.5	2.351
U4	2	186.1	1.843
U4	2	199.6	1.43
U4	2	214	1.047
U4	2	229.5	0.6977
U4	2	246.1	0.4203
U4	2	264	0.2255
U4	2	283.1	0.1015
U4	2	303.6	0.03287
U4	2	325.5	0.005463
U4	2	349.1	0.01668
U4	2	374.4	0.07424
U4	2	401.5	0.1521
U4	2	430.6	0.1981
U4	2	461.7	0.1887
U4	2	495.2	0.1388
U4	2	531	0.07747
U4	2	569.4	0.02915
U4	2	610.7	0.005341
U4	2	654.9	0
U4	2	702.3	0
U4	2	753.1	0
U4	2	807.7	0
U4	2	866.1	0
U4	2	928.8	0
U4	2	996.1	0
U4	2	1068	0
U4	2	1146	0
U4	2	1228	0
U4	2	1317	0
U4	2	1413	0
U4	2	1515	0
U4	2	1625	0
U4	2	1742	0
U4	2	1868	0
U4	2	2004	0
U4	2	2149	0
U4	2	2304	0
U4	2	2471	0
U4	2	2650	0
U4	2	2842	0
U4	2	3048	0
U4	2	3268	0
U4	2	3505	0
U4	2	3759	0
U4	2	4031	0
U4	2	4323	0
U4	2	4635	0
U4	2	4971	0
U4	2	5331	0
U4	2	5717	0
U4	2	6131	0
U4	2	6575	0
U4	2	7051	0
U4	2	7561	0
U4	2	8108	0
U4	2	8695	0
U4	2	9325	0
U4	2	1.00E+04	0
U4	3	0.3	0
U4	3	0.3217	0
U4	3	0.345	0
U4	3	0.37	0
U4	3	0.3968	0
U4	3	0.4255	0
U4	3	0.4563	0
U4	3	0.4893	0
U4	3	0.5248	0
U4	3	0.5627	0
U4	3	0.6035	0
U4	3	0.6472	0
U4	3	0.694	0
U4	3	0.7443	0
U4	3	0.7982	0
U4	3	0.8559	0
U4	3	0.9179	0
U4	3	0.9844	0
U4	3	1.056	0
U4	3	1.132	0
U4	3	1.214	0
U4	3	1.302	0
U4	3	1.396	0
U4	3	1.497	0
U4	3	1.606	0
U4	3	1.722	0
U4	3	1.846	0
U4	3	1.98	0
U4	3	2.124	0
U4	3	2.277	0
U4	3	2.442	0
U4	3	2.619	0
U4	3	2.809	0
U4	3	3.012	0
U4	3	3.23	0
U4	3	3.464	0
U4	3	3.714	0
U4	3	3.983	0
U4	3	4.272	0
U4	3	4.581	0
U4	3	4.913	0
U4	3	5.268	0
U4	3	5.65	0
U4	3	6.059	0
U4	3	6.497	0
U4	3	6.968	0
U4	3	7.472	0
U4	3	8.013	0
U4	3	8.593	0
U4	3	9.215	0
U4	3	9.882	0
U4	3	10.6	0
U4	3	11.37	0
U4	3	12.19	0
U4	3	13.07	0
U4	3	14.02	0
U4	3	15.03	0
U4	3	16.12	0
U4	3	17.29	0
U4	3	18.54	0
U4	3	19.88	0
U4	3	21.32	0
U4	3	22.86	0
U4	3	24.52	0
U4	3	26.29	0
U4	3	28.2	0
U4	3	30.24	0
U4	3	32.43	0
U4	3	34.77	0
U4	3	37.29	0
U4	3	39.99	0
U4	3	42.89	0
U4	3	45.99	0
U4	3	49.32	0
U4	3	52.89	0
U4	3	56.72	0
U4	3	60.83	0
U4	3	65.23	0
U4	3	69.95	0
U4	3	75.02	0
U4	3	80.45	0
U4	3	86.27	0
U4	3	92.52	0
U4	3	99.21	0
U4	3	106.4	0.4798
U4	3	114.1	2.339
U4	3	122.4	5.503
U4	3	131.2	8.772
U4	3	140.7	11.11
U4	3	150.9	12.17
U4	3	161.8	12.11
U4	3	173.5	11.29
U4	3	186.1	10.06
U4	3	199.6	8.512
U4	3	214	6.574
U4	3	229.5	4.508
U4	3	246.1	2.74E+00
U4	3	264	1.45
U4	3	283.1	0.6353
U4	3	303.6	0.198
U4	3	325.5	0.03148
U4	3	349.1	0.02066
U4	3	374.4	0.1032
U4	3	401.5	0.2323
U4	3	430.6	0.3243
U4	3	461.7	0.3275
U4	3	495.2	0.2591
U4	3	531	0.1626
U4	3	569.4	0.07427
U4	3	610.7	0.01947
U4	3	654.9	0.001573
U4	3	702.3	0
U4	3	753.1	0.00E+00
U4	3	807.7	0.00E+00
U4	3	866.1	0.00E+00
U4	3	928.8	0.00E+00
U4	3	996.1	0
U4	3	1068	0
U4	3	1146	0
U4	3	1228	0
U4	3	1317	0
U4	3	1413	0
U4	3	1515	0
U4	3	1625	0
U4	3	1742	0
U4	3	1868	0
U4	3	2004	0
U4	3	2149	0
U4	3	2304	0
U4	3	2471	0
U4	3	2650	0
U4	3	2842	0
U4	3	3048	0
U4	3	3268	0
U4	3	3505	0
U4	3	3759	0
U4	3	4031	0
U4	3	4323	0
U4	3	4635	0
U4	3	4971	0
U4	3	5331	0
U4	3	5717	0
U4	3	6131	0
U4	3	6575	0
U4	3	7051	0
U4	3	7561	0
U4	3	8108	0
U4	3	8695	0
U4	3	9325	0
U4	3	1.00E+04	0
S4	1	0.3	0
S4	1	0.3217	0
S4	1	0.345	0
S4	1	0.37	0
S4	1	 	0
S4	1	0.4255	0
S4	1	0.4563	0
S4	1	0.4893	0
S4	1	0.5248	0
S4	1	0.5627	0
S4	1	0.6035	0
S4	1	0.6472	0
S4	1	0.694	0
S4	1	0.7443	0
S4	1	0.7982	0
S4	1	0.8559	0
S4	1	0.9179	0
S4	1	0.9844	0
S4	1	1.056	0
S4	1	1.132	0
S4	1	1.214	0
S4	1	1.302	0
S4	1	1.396	0
S4	1	1.497	0
S4	1	1.606	0
S4	1	1.722	0
S4	1	1.846	0
S4	1	1.98	0
S4	1	2.124	0
S4	1	2.277	0
S4	1	2.442	0
S4	1	2.619	0
S4	1	2.809	0
S4	1	3.012	0
S4	1	3.23	0
S4	1	3.464	0
S4	1	3.714	0
S4	1	3.983	0
S4	1	4.272	0
S4	1	4.581	0
S4	1	4.913	0
S4	1	5.268	0
S4	1	5.65	0
S4	1	6.059	0
S4	1	6.497	0
S4	1	6.968	0
S4	1	7.472	0
S4	1	8.013	0
S4	1	8.593	0
S4	1	9.215	0
S4	1	9.882	0
S4	1	10.6	0
S4	1	11.37	0
S4	1	12.19	0
S4	1	13.07	0
S4	1	14.02	0
S4	1	15.03	0
S4	1	16.12	0
S4	1	17.29	0
S4	1	18.54	0
S4	1	19.88	0
S4	1	21.32	0
S4	1	22.86	0
S4	1	24.52	0
S4	1	26.29	0
S4	1	28.2	0
S4	1	30.24	0
S4	1	32.43	0
S4	1	34.77	0
S4	1	37.29	0
S4	1	39.99	0
S4	1	42.89	0
S4	1	45.99	0
S4	1	49.32	0
S4	1	52.89	0
S4	1	56.72	0
S4	1	60.83	0
S4	1	65.23	0
S4	1	69.95	0
S4	1	75.02	0
S4	1	80.45	0
S4	1	86.27	0
S4	1	92.52	0
S4	1	99.21	0
S4	1	106.4	0
S4	1	114.1	0.7443
S4	1	122.4	3.625
S4	1	131.2	8.357
S4	1	140.7	12.73
S4	1	150.9	15.03
S4	1	161.8	14.97
S4	1	173.5	13.15
S4	1	186.1	10.38
S4	1	199.6	7.253
S4	1	214	4.202
S4	1	229.5	1.839
S4	1	246.1	0.5324
S4	1	264	0.0741
S4	1	283.1	0
S4	1	303.6	0
S4	1	325.5	0
S4	1	349.1	0
S4	1	374.4	0.1355
S4	1	401.5	0.5647
S4	1	430.6	1.066
S4	1	461.7	1.258
S4	1	495.2	1.065
S4	1	531	0.6661
S4	1	569.4	0.2798
S4	1	610.7	0.07901
S4	1	654.9	0.1045
S4	1	702.3	0.2333
S4	1	753.1	0.3382
S4	1	807.7	0.3771
S4	1	866.1	0.3535
S4	1	928.8	0.2853
S4	1	996.1	0.1898
S4	1	1068	0.08934
S4	1	1146	0.02072
S4	1	1228	0
S4	1	1317	0
S4	1	1413	0
S4	1	1515	0
S4	1	1625	0
S4	1	1742	0
S4	1	1868	0
S4	1	2004	0
S4	1	2149	0
S4	1	2304	0
S4	1	2471	0
S4	1	2650	0
S4	1	2842	0
S4	1	3048	0
S4	1	3268	0
S4	1	3505	0
S4	1	3759	0
S4	1	4031	0
S4	1	4323	0
S4	1	4635	0
S4	1	4971	0
S4	1	5331	0
S4	1	5717	0
S4	1	6131	0
S4	1	6575	0
S4	1	7051	0
S4	1	7561	0
S4	1	8108	0
S4	1	8695	0
S4	1	9325	0
S4	1	1.00E+04	0
S4	2	0.3	0
S4	2	0.3217	0
S4	2	0.345	0
S4	2	0.37	0
S4	2	0.3968	0
S4	2	0.4255	0
S4	2	0.4563	0
S4	2	0.4893	0
S4	2	0.5248	0
S4	2	0.5627	0
S4	2	0.6035	0
S4	2	0.6472	0
S4	2	0.694	0
S4	2	0.7443	0
S4	2	0.7982	0
S4	2	0.8559	0
S4	2	0.9179	0
S4	2	0.9844	0
S4	2	1.056	0
S4	2	1.132	0
S4	2	1.214	0
S4	2	1.302	0
S4	2	1.396	0
S4	2	1.497	0
S4	2	1.606	0
S4	2	1.722	0
S4	2	1.846	0
S4	2	1.98	0
S4	2	2.124	0
S4	2	2.277	0
S4	2	2.442	0
S4	2	2.619	0
S4	2	2.809	0
S4	2	3.012	0
S4	2	3.23	0
S4	2	3.464	0
S4	2	3.714	0
S4	2	3.983	0
S4	2	4.272	0
S4	2	4.581	0
S4	2	4.913	0
S4	2	5.268	0
S4	2	5.65	0
S4	2	6.059	0
S4	2	6.497	0
S4	2	6.968	0
S4	2	7.472	0
S4	2	8.013	0
S4	2	8.593	0
S4	2	9.215	0
S4	2	9.882	0
S4	2	10.6	0
S4	2	11.37	0
S4	2	12.19	0
S4	2	13.07	0
S4	2	14.02	0
S4	2	15.03	0
S4	2	16.12	0
S4	2	17.29	0
S4	2	18.54	0
S4	2	19.88	0
S4	2	21.32	0
S4	2	22.86	0
S4	2	24.52	0
S4	2	26.29	0
S4	2	28.2	0
S4	2	30.24	0
S4	2	32.43	0
S4	2	34.77	0
S4	2	37.29	0.9082
S4	2	39.99	4.516
S4	2	42.89	10.43
S4	2	45.99	15.53
S4	2	49.32	17.51
S4	2	52.89	16.33
S4	2	56.72	13.18
S4	2	60.83	9.395
S4	2	65.23	5.952
S4	2	69.95	3.324
S4	2	75.02	1.595
S4	2	80.45	0.6222
S4	2	86.27	0.1749
S4	2	92.52	0.026
S4	2	99.21	0
S4	2	106.4	0
S4	2	114.1	0
S4	2	122.4	0
S4	2	131.2	0
S4	2	140.7	0
S4	2	150.9	0
S4	2	161.8	0
S4	2	173.5	0
S4	2	186.1	0.001493
S4	2	199.6	0.009849
S4	2	214	0.02901
S4	2	229.5	0.05345
S4	2	246.1	0.07341
S4	2	264	0.08297
S4	2	283.1	0.07961
S4	2	303.6	0.06347
S4	2	325.5	0.03863
S4	2	349.1	0.01511
S4	2	374.4	0.002694
S4	2	401.5	0
S4	2	430.6	0
S4	2	461.7	0
S4	2	495.2	0
S4	2	531	0
S4	2	569.4	0
S4	2	610.7	0
S4	2	654.9	0
S4	2	702.3	0
S4	2	753.1	0.0002183
S4	2	807.7	0.001164
S4	2	866.1	0.002937
S4	2	928.8	0.005122
S4	2	996.1	0.00731
S4	2	1068	0.008631
S4	2	1146	0.008356
S4	2	1228	0.007092
S4	2	1317	0.005369
S4	2	1413	0.003108
S4	2	1515	0.001096
S4	2	1625	0.0001691
S4	2	1742	0
S4	2	1868	0
S4	2	2004	0
S4	2	2149	0
S4	2	2304	0
S4	2	2471	0
S4	2	2650	0
S4	2	2842	0
S4	2	3048	0
S4	2	3268	0
S4	2	3505	0
S4	2	3759	0
S4	2	4031	0
S4	2	4323	0
S4	2	4635	0
S4	2	4971	0
S4	2	5331	0
S4	2	5717	0
S4	2	6131	0
S4	2	6575	0
S4	2	7051	0
S4	2	7561	0
S4	2	8108	0
S4	2	8695	0
S4	2	9325	0
S4	2	1.00E+04	0
S4	3	0.3	0
S4	3	0.3217	0
S4	3	0.345	0
S4	3	0.37	0
S4	3	0.3968	0
S4	3	0.4255	0
S4	3	0.4563	0
S4	3	0.4893	0
S4	3	0.5248	0
S4	3	0.5627	0
S4	3	0.6035	0
S4	3	0.6472	0
S4	3	0.694	0
S4	3	0.7443	0
S4	3	0.7982	0
S4	3	0.8559	0
S4	3	0.9179	0
S4	3	0.9844	0
S4	3	1.056	0
S4	3	1.132	0
S4	3	1.214	0
S4	3	1.302	0
S4	3	1.396	0
S4	3	1.497	0
S4	3	1.606	0
S4	3	1.722	0
S4	3	1.846	0
S4	3	1.98	0
S4	3	2.124	0
S4	3	2.277	0
S4	3	2.442	0
S4	3	2.619	0
S4	3	2.809	0
S4	3	3.012	0
S4	3	3.23	0
S4	3	3.464	0
S4	3	3.714	0
S4	3	3.983	0
S4	3	4.272	0
S4	3	4.581	0
S4	3	4.913	0
S4	3	5.268	0
S4	3	5.65	0
S4	3	6.059	0
S4	3	6.497	0
S4	3	6.968	0
S4	3	7.472	0
S4	3	8.013	0
S4	3	8.593	0
S4	3	9.215	0
S4	3	9.882	0
S4	3	10.6	0
S4	3	11.37	0
S4	3	12.19	0
S4	3	13.07	0
S4	3	14.02	0
S4	3	15.03	0
S4	3	16.12	0
S4	3	17.29	0
S4	3	18.54	0
S4	3	19.88	0
S4	3	21.32	0
S4	3	22.86	0
S4	3	24.52	0
S4	3	26.29	0
S4	3	28.2	0
S4	3	30.24	0
S4	3	32.43	0
S4	3	34.77	0
S4	3	37.29	0
S4	3	39.99	0
S4	3	42.89	0
S4	3	45.99	0
S4	3	49.32	0
S4	3	52.89	0
S4	3	56.72	0
S4	3	60.83	0
S4	3	65.23	0
S4	3	69.95	0
S4	3	75.02	0.3841
S4	3	80.45	2.928
S4	3	86.27	8.544
S4	3	92.52	14.42
S4	3	99.21	17.37
S4	3	106.4	16.86
S4	3	114.1	13.98
S4	3	122.4	10.15
S4	3	131.2	6.495
S4	3	140.7	3.607
S4	3	150.9	1.667
S4	3	161.8	0.5823
S4	3	173.5	0.1243
S4	3	186.1	0.009275
S4	3	199.6	0
S4	3	214	0
S4	3	229.5	0
S4	3	246.1	0
S4	3	264	0
S4	3	283.1	0
S4	3	303.6	0
S4	3	325.5	0
S4	3	349.1	0
S4	3	374.4	0.06137
S4	3	401.5	0.2656
S4	3	430.6	0.5214
S4	3	461.7	0.6387
S4	3	495.2	0.561
S4	3	531	0.3669
S4	3	569.4	0.1641
S4	3	610.7	0.04291
S4	3	654.9	0.02755
S4	3	702.3	0.05713
S4	3	753.1	0.07048
S4	3	807.7	0.05504
S4	3	866.1	0.02844
S4	3	928.8	0.01083
S4	3	996.1	0.003451
S4	3	1068	0.000602
S4	3	1146	0
S4	3	1228	0
S4	3	1317	0
S4	3	1413	0
S4	3	1515	0
S4	3	1625	0
S4	3	1742	0
S4	3	1868	0
S4	3	2004	0
S4	3	2149	0
S4	3	2304	0
S4	3	2471	0
S4	3	2650	0
S4	3	2842	0
S4	3	3048	0
S4	3	3268	0
S4	3	3505	0
S4	3	3759	0
S4	3	4031	0
S4	3	4323	0
S4	3	4635	0
S4	3	4971	0
S4	3	5331	0
S4	3	5717	0
S4	3	6131	0
S4	3	6575	0
S4	3	7051	0
S4	3	7561	0
S4	3	8108	0
S4	3	8695	0
S4	3	9325	0
S4	3	1.00E+04	0
B4	1	0.3	0
B4	1	0.3217	0
B4	1	0.345	0
B4	1	0.37	0
B4	1	0.3968	0
B4	1	0.4255	0
B4	1	0.4563	0
B4	1	0.4893	0
B4	1	0.5248	0
B4	1	0.5627	0
B4	1	0.6035	0
B4	1	0.6472	0
B4	1	0.694	0
B4	1	0.7443	0
B4	1	0.7982	0
B4	1	0.8559	0
B4	1	0.9179	0
B4	1	0.9844	0
B4	1	1.056	0
B4	1	1.132	0
B4	1	1.214	0
B4	1	1.302	0
B4	1	1.396	0
B4	1	1.497	0
B4	1	1.606	0
B4	1	1.722	0
B4	1	1.846	0
B4	1	1.98	0
B4	1	2.124	0
B4	1	2.277	0
B4	1	2.442	0
B4	1	2.619	0
B4	1	2.809	0
B4	1	3.012	0
B4	1	3.23	0
B4	1	3.464	0
B4	1	3.714	0
B4	1	3.983	0
B4	1	4.272	0
B4	1	4.581	0
B4	1	4.913	0
B4	1	5.268	0
B4	1	5.65	0
B4	1	6.059	0
B4	1	6.497	0
B4	1	6.968	0
B4	1	7.472	0
B4	1	8.013	0
B4	1	8.593	0.6854
B4	1	9.215	4.106
B4	1	9.882	10.5
B4	1	10.6	16.21
B4	1	11.37	18.19
B4	1	12.19	16.61
B4	1	13.07	13.06
B4	1	14.02	9.099
B4	1	15.03	5.688
B4	1	16.12	3.191
B4	1	17.29	1.589
B4	1	18.54	0.684
B4	1	19.88	0.2406
B4	1	21.32	0.06148
B4	1	22.86	0.008402
B4	1	24.52	0
B4	1	26.29	0
B4	1	28.2	0
B4	1	30.24	0
B4	1	32.43	0.0005566
B4	1	34.77	0.002536
B4	1	37.29	0.005548
B4	1	39.99	0.008223
B4	1	42.89	0.009671
B4	1	45.99	0.009775
B4	1	49.32	0.008868
B4	1	52.89	0.007407
B4	1	56.72	0.005784
B4	1	60.83	0.004266
B4	1	65.23	0.00299
B4	1	69.95	0.001997
B4	1	75.02	0.001273
B4	1	80.45	0.0007733
B4	1	86.27	0.0004463
B4	1	92.52	0.000243
B4	1	99.21	0.0001235
B4	1	106.4	5.75E-05
B4	1	114.1	2.37E-05
B4	1	122.4	8.20E-06
B4	1	131.2	2.10E-06
B4	1	140.7	2.91E-07
B4	1	150.9	0
B4	1	161.8	1.74E-08
B4	1	173.5	9.44E-08
B4	1	186.1	2.46E-07
B4	1	199.6	4.11E-07
B4	1	214	4.97E-07
B4	1	229.5	4.61E-07
B4	1	246.1	3.32E-07
B4	1	264	1.79E-07
B4	1	283.1	6.39E-08
B4	1	303.6	1.08E-08
B4	1	325.5	0
B4	1	349.1	0
B4	1	374.4	0
B4	1	401.5	0
B4	1	430.6	1.75E-08
B4	1	461.7	6.23E-08
B4	1	495.2	9.09E-08
B4	1	531	6.70E-08
B4	1	569.4	2.30E-08
B4	1	610.7	2.10E-09
B4	1	654.9	0
B4	1	702.3	0
B4	1	753.1	0
B4	1	807.7	0
B4	1	866.1	0
B4	1	928.8	0
B4	1	996.1	0
B4	1	1068	0
B4	1	1146	0
B4	1	1228	0
B4	1	1317	0
B4	1	1413	0
B4	1	1515	0
B4	1	1625	0
B4	1	1742	0
B4	1	1868	0
B4	1	2004	0
B4	1	2149	0
B4	1	2304	0
B4	1	2471	0
B4	1	2650	0
B4	1	2842	0
B4	1	3048	0
B4	1	3268	0
B4	1	3505	0
B4	1	3759	0
B4	1	4031	0
B4	1	4323	0
B4	1	4635	0
B4	1	4971	0
B4	1	5331	0
B4	1	5717	0
B4	1	6131	0
B4	1	6575	0
B4	1	7051	0
B4	1	7561	0
B4	1	8108	0
B4	1	8695	0
B4	1	9325	0
B4	1	1.00E+04	0
B4	2	0.3	0
B4	2	0.3217	0
B4	2	0.345	0
B4	2	0.37	0
B4	2	0.3968	0
B4	2	0.4255	0
B4	2	0.4563	0
B4	2	0.4893	0
B4	2	0.5248	0
B4	2	0.5627	0
B4	2	0.6035	0
B4	2	0.6472	0
B4	2	0.694	0
B4	2	0.7443	0
B4	2	0.7982	0
B4	2	0.8559	0
B4	2	0.9179	0
B4	2	0.9844	0
B4	2	1.056	0
B4	2	1.132	0
B4	2	1.214	0
B4	2	1.302	0
B4	2	1.396	0
B4	2	1.497	0
B4	2	1.606	0
B4	2	1.722	0
B4	2	1.846	0
B4	2	1.98	0
B4	2	2.124	0
B4	2	2.277	0
B4	2	2.442	0
B4	2	2.619	0
B4	2	2.809	0
B4	2	3.012	0
B4	2	3.23	0
B4	2	3.464	0
B4	2	3.714	0
B4	2	3.983	0
B4	2	4.272	0
B4	2	4.581	0
B4	2	4.913	0
B4	2	5.268	0
B4	2	5.65	0
B4	2	6.059	0
B4	2	6.497	0
B4	2	6.968	0
B4	2	7.472	1.8
B4	2	8.013	7.249
B4	2	8.593	13.62
B4	2	9.215	17.11
B4	2	9.882	17
B4	2	10.6	14.46
B4	2	11.37	10.95
B4	2	12.19	7.537
B4	2	13.07	4.765
B4	2	14.02	2.773
B4	2	15.03	1.478
B4	2	16.12	0.7112
B4	2	17.29	0.3009
B4	2	18.54	0.106
B4	2	19.88	0.02769
B4	2	21.32	0.003937
B4	2	22.86	0
B4	2	24.52	0.0004146
B4	2	26.29	0.002295
B4	2	28.2	0.00594
B4	2	30.24	0.01004
B4	2	32.43	0.01306
B4	2	34.77	0.01437
B4	2	37.29	0.01407
B4	2	39.99	0.01264
B4	2	42.89	0.01061
B4	2	45.99	0.00843
B4	2	49.32	0.006386
B4	2	52.89	0.004637
B4	2	56.72	0.00324
B4	2	60.83	0.002183
B4	2	65.23	0.001419
B4	2	69.95	0.0008892
B4	2	75.02	0.0005366
B4	2	80.45	0.0003108
B4	2	86.27	0.0001719
B4	2	92.52	9.00E-05
B4	2	99.21	4.41E-05
B4	2	106.4	1.98E-05
B4	2	114.1	7.89E-06
B4	2	122.4	2.62E-06
B4	2	131.2	6.41E-07
B4	2	140.7	8.46E-08
B4	2	150.9	1.33E-08
B4	2	161.8	6.46E-08
B4	2	173.5	1.54E-07
B4	2	186.1	2.51E-07
B4	2	199.6	3.20E-07
B4	2	214	3.27E-07
B4	2	229.5	2.71E-07
B4	2	246.1	1.82E-07
B4	2	264	9.39E-08
B4	2	283.1	3.29E-08
B4	2	303.6	5.63E-09
B4	2	325.5	0
B4	2	349.1	0
B4	2	374.4	0
B4	2	401.5	0
B4	2	430.6	6.45E-09
B4	2	461.7	2.45E-08
B4	2	495.2	3.97E-08
B4	2	531	3.55E-08
B4	2	569.4	1.76E-08
B4	2	610.7	3.76E-09
B4	2	654.9	0
B4	2	702.3	0
B4	2	753.1	0
B4	2	807.7	0
B4	2	866.1	0
B4	2	928.8	0
B4	2	996.1	0
B4	2	1068	0
B4	2	1146	0
B4	2	1228	0
B4	2	1317	0
B4	2	1413	0
B4	2	1515	0
B4	2	1625	0
B4	2	1742	0
B4	2	1868	0
B4	2	2004	0
B4	2	2149	0
B4	2	2304	0
B4	2	2471	0
B4	2	2650	0
B4	2	2842	0
B4	2	3048	0
B4	2	3268	0
B4	2	3505	0
B4	2	3759	0
B4	2	4031	0
B4	2	4323	0
B4	2	4635	0
B4	2	4971	0
B4	2	5331	0
B4	2	5717	0
B4	2	6131	0
B4	2	6575	0
B4	2	7051	0
B4	2	7561	0
B4	2	8108	0
B4	2	8695	0
B4	2	9325	0
B4	2	1.00E+04	0
B4	3	0.3	0
B4	3	0.3217	0
B4	3	0.345	0
B4	3	0.37	0
B4	3	0.3968	0
B4	3	0.4255	0
B4	3	0.4563	0
B4	3	0.4893	0
B4	3	0.5248	0
B4	3	0.5627	0
B4	3	0.6035	0
B4	3	0.6472	0
B4	3	0.694	0
B4	3	0.7443	0
B4	3	0.7982	0
B4	3	0.8559	0
B4	3	0.9179	0
B4	3	0.9844	0
B4	3	1.056	0
B4	3	1.132	0
B4	3	1.214	0
B4	3	1.302	0
B4	3	1.396	0
B4	3	1.497	0
B4	3	1.606	0
B4	3	1.722	0
B4	3	1.846	0
B4	3	1.98	0
B4	3	2.124	0
B4	3	2.277	0
B4	3	2.442	0
B4	3	2.619	0
B4	3	2.809	0
B4	3	3.012	0
B4	3	3.23	0
B4	3	3.464	0
B4	3	3.714	0
B4	3	3.983	0
B4	3	4.272	0
B4	3	4.581	0
B4	3	4.913	0
B4	3	5.268	0
B4	3	5.65	0
B4	3	6.059	0
B4	3	6.497	0
B4	3	6.968	0
B4	3	7.472	0
B4	3	8.013	0.5566
B4	3	8.593	4.297
B4	3	9.215	12.02
B4	3	9.882	18.72
B4	3	10.6	20.22
B4	3	11.37	17.26
B4	3	12.19	12.38
B4	3	13.07	7.637
B4	3	14.02	4.066
B4	3	15.03	1.832
B4	3	16.12	0.6636
B4	3	17.29	0.1721
B4	3	18.54	0.02358
B4	3	19.88	0
B4	3	21.32	0
B4	3	22.86	0
B4	3	24.52	0
B4	3	26.29	0.001145
B4	3	28.2	0.005347
B4	3	30.24	0.01191
B4	3	32.43	0.01778
B4	3	34.77	0.02083
B4	3	37.29	0.02083
B4	3	39.99	0.01861
B4	3	42.89	0.01525
B4	3	45.99	0.01166
B4	3	49.32	0.008409
B4	3	52.89	0.005752
B4	3	56.72	0.003748
B4	3	60.83	0.002331
B4	3	65.23	0.001384
B4	3	69.95	0.0007834
B4	3	75.02	0.000422
B4	3	80.45	0.000216
B4	3	86.27	0.0001054
B4	3	92.52	4.98E-05
B4	3	99.21	2.41E-05
B4	3	106.4	1.34E-05
B4	3	114.1	9.31E-06
B4	3	122.4	7.80E-06
B4	3	131.2	6.97E-06
B4	3	140.7	6.13E-06
B4	3	150.9	5.14E-06
B4	3	161.8	4.08E-06
B4	3	173.5	3.04E-06
B4	3	186.1	2.11E-06
B4	3	199.6	1.32E-06
B4	3	214	6.83E-07
B4	3	229.5	2.57E-07
B4	3	246.1	5.74E-08
B4	3	264	4.34E-09
B4	3	283.1	0
B4	3	303.6	0
B4	3	325.5	0
B4	3	349.1	0
B4	3	374.4	2.79E-08
B4	3	401.5	1.27E-07
B4	3	430.6	2.57E-07
B4	3	461.7	3.16E-07
B4	3	495.2	2.66E-07
B4	3	531	1.56E-07
B4	3	569.4	5.72E-08
B4	3	610.7	9.54E-09
B4	3	654.9	0
B4	3	702.3	0
B4	3	753.1	0
B4	3	807.7	0
B4	3	866.1	0
B4	3	928.8	0
B4	3	996.1	0
B4	3	1068	0
B4	3	1146	0
B4	3	1228	0
B4	3	1317	0
B4	3	1413	0
B4	3	1515	0
B4	3	1625	0
B4	3	1742	0
B4	3	1868	0
B4	3	2004	0
B4	3	2149	0
B4	3	2304	0
B4	3	2471	0
B4	3	2650	0
B4	3	2842	0
B4	3	3048	0
B4	3	3268	0
B4	3	3505	0
B4	3	3759	0
B4	3	4031	0
B4	3	4323	0
B4	3	4635	0
B4	3	4971	0
B4	3	5331	0
B4	3	5717	0
B4	3	6131	0
B4	3	6575	0
B4	3	7051	0
B4	3	7561	0
B4	3	8108	0
B4	3	8695	0
B4	3	9325	0
B4	3	1.00E+04	0
